InventoryId,ScheduleId,FlightNumber,AircraftType,DepartureAirport,ArrivalAirport,TotalCapacity,TotalInventory,BookedInventory,Oversold,AvailableInventory,FirstClass,BusinessClass,PremiumEconomyClass,EconomyClass,FC_TotalInventory,FC_BookedInventory,FC_Oversold,FC_AvailableInventory,FC_CD,BC_TotalInventory,BC_BookedInventory,BC_Oversold,BC_AvailableInventory,BC_CD,PC_TotalInventory,PC_BookedInventory,PC_Oversold,PC_AvailableInventory,EC_TotalInventory,EC_BookedInventory,EC_Oversold,EC_AvailableInventory,PC_CD,EC_CD,DepartureDatetime,ArrivalDatetime,Status
INV-ZZ-2048509,SCH-ZZ-7283355,1221,Airbus A321 Neo,CNN,MAA,220,259,160,-60,99,22,44,66,88,24,12,10,12,"{'F': 13, 'P': 9}",51,29,15,22,"{'C': 18, 'J': 13, 'Z': 13}",78,56,10,22,100,63,25,37,"{'Q': 20, 'R': 13, 'S': 7, 'T': 7, 'H': 13, 'M': 7}","{'Y': 7, 'A': 7, 'B': 3, 'D': 3, 'E': 3, 'G': 7, 'I': 3, 'K': 7, 'L': 3, 'N': 3, 'O': 3, 'U': 7, 'V': 3, 'W': 3, 'X': 3}",2023-12-10 9:10:00,2023-12-10 4:55:00,On Time
INV-ZZ-9629978,SCH-ZZ-7283355,1221,Airbus A321 Neo,CNN,MAA,220,270,168,-60,99,22,44,66,88,24,12,10,12,"{'F': 13, 'P': 9}",51,29,15,22,"{'C': 18, 'J': 13, 'Z': 13}",78,56,10,22,100,63,25,37,"{'Q': 20, 'R': 13, 'S': 7, 'T': 7, 'H': 13, 'M': 7}","{'Y': 7, 'A': 7, 'B': 3, 'D': 3, 'E': 3, 'G': 7, 'I': 3, 'K': 7, 'L': 3, 'N': 3, 'O': 3, 'U': 7, 'V': 3, 'W': 3, 'X': 3}",2023-12-08 9:10:00,2023-12-08 4:55:00,On Time
INV-RR-1212900,SCH-RR-1221009,3417,Boeing 787,CNN,MAA,270,322,142,-128,180,27,54,81,108,31,14,13,17,"{'F': 1, 'P': 16}",61,27,27,34,"{'C': 20, 'J': 13, 'Z': 1}",96,42,39,54,127,56,52,71,"{'Q': 36, 'R': 15, 'S': 1, 'T': 1, 'H': 0, 'M': 1}","{'Y': 43, 'A': 26, 'B': 0, 'D': 1, 'E': 1, 'G': 0, 'I': 0, 'K': 0, 'L': 0, 'N': 0, 'O': 0, 'U': 0, 'V': 0, 'W': 0, 'X': 0}",2023-12-06 9:10:00,2023-12-06 4:55:00,On Time
INV-RR-1212901,SCH-RR-1221000,3417,Boeing 787,CNN,MAA,270,305,131,-139,174,27,54,81,108,32,14,13,18,"{'F': 8, 'P': 10}",63,27,27,36,"{'C': 1, 'J': 0, 'Z': 35}",89,38,43,51,129,56,52,73,"{'Q': 1, 'R': 44, 'S': 6, 'T': 0, 'H': 0, 'M': 0}","{'Y': 62, 'A': 0, 'B': 4, 'D': 0, 'E': 7, 'G': 0, 'I': 0, 'K': 0, 'L': 0, 'N': 0, 'O': 0, 'U': 0, 'V': 0, 'W': 0, 'X': 0}",2023-12-07 9:10:00,2023-12-07 4:55:00,On Time
INV-ZZ-6952251,SCH-ZZ-7283355,3417,Boeing 787,CNN,MAA,270,318,136,-134,182,27,54,81,108,31,13,14,18,"{'F': 17, 'P': 1}",61,26,28,35,"{'C': 24, 'J': 6, 'Z': 5}",97,41,40,56,123,52,56,71,"{'Q': 42, 'R': 13, 'S': 0, 'T': 0, 'H': 1, 'M': 0}","{'Y': 65, 'A': 4, 'B': 2, 'D': 0, 'E': 0, 'G': 0, 'I': 0, 'K': 0, 'L': 0, 'N': 0, 'O': 0, 'U': 0, 'V': 0, 'W': 0, 'X': 0}",2024-06-08 4:37:00,2024-06-08 12:50:00,On Time
INV-ZZ-9701617,SCH-ZZ-7283355,3417,Boeing 787,CNN,MAA,270,321,149,-121,172,27,54,81,108,31,14,13,17,"{'F': 14, 'P': 3}",62,29,25,33,"{'C': 11, 'J': 22, 'Z': 0}",90,42,39,48,121,56,52,65,"{'Q': 28, 'R': 18, 'S': 1, 'T': 0, 'H': 0, 'M': 1}","{'Y': 17, 'A': 5, 'B': 19, 'D': 20, 'E': 0, 'G': 4, 'I': 0, 'K': 0, 'L': 0, 'N': 0, 'O': 0, 'U': 0, 'V': 0, 'W': 0, 'X': 0}",2024-06-09 4:37:00,2024-06-09 12:50:00,On Time
INV-ZZ-4703448,SCH-ZZ-7283355,3417,Boeing 787,CNN,MAA,270,318,134,-136,184,27,54,81,108,32,13,14,19,"{'F': 5, 'P': 14}",64,27,27,37,"{'C': 24, 'J': 13, 'Z': 0}",90,38,43,52,125,53,55,72,"{'Q': 49, 'R': 2, 'S': 1, 'T': 0, 'H': 0, 'M': 0}","{'Y': 1, 'A': 54, 'B': 12, 'D': 2, 'E': 1, 'G': 0, 'I': 1, 'K': 0, 'L': 0, 'N': 1, 'O': 0, 'U': 0, 'V': 0, 'W': 0, 'X': 0}",2024-06-15 4:37:00,2024-06-15 12:50:00,On Time
INV-ZZ-9289613,SCH-ZZ-7283355,3417,Boeing 787,CNN,MAA,270,316,125,-145,191,27,54,81,108,30,12,15,18,"{'F': 7, 'P': 11}",64,25,29,39,"{'C': 33, 'J': 6, 'Z': 0}",96,38,43,58,125,50,58,75,"{'Q': 34, 'R': 11, 'S': 8, 'T': 4, 'H': 0, 'M': 1}","{'Y': 50, 'A': 22, 'B': 1, 'D': 1, 'E': 0, 'G': 0, 'I': 0, 'K': 0, 'L': 1, 'N': 0, 'O': 0, 'U': 0, 'V': 0, 'W': 0, 'X': 0}",2024-06-16 4:37:00,2024-06-16 12:50:00,On Time
INV-ZZ-3502758,SCH-ZZ-7283355,3417,Boeing 787,CNN,MAA,270,316,124,-146,192,27,54,81,108,30,12,15,18,"{'F': 0, 'P': 18}",64,25,29,39,"{'C': 36, 'J': 1, 'Z': 2}",96,38,43,58,122,48,60,74,"{'Q': 58, 'R': 0, 'S': 0, 'T': 0, 'H': 0, 'M': 0}","{'Y': 40, 'A': 2, 'B': 30, 'D': 2, 'E': 0, 'G': 0, 'I': 0, 'K': 0, 'L': 0, 'N': 0, 'O': 0, 'U': 0, 'V': 0, 'W': 0, 'X': 0}",2024-06-22 4:37:00,2024-06-22 12:50:00,On Time
INV-ZZ-8851705,SCH-ZZ-7283355,3417,Boeing 787,CNN,MAA,270,304,126,-144,178,27,54,81,108,32,13,14,19,"{'F': 12, 'P': 7}",60,25,29,35,"{'C': 6, 'J': 13, 'Z': 16}",93,38,43,55,122,51,57,71,"{'Q': 11, 'R': 40, 'S': 0, 'T': 0, 'H': 4, 'M': 0}","{'Y': 43, 'A': 0, 'B': 6, 'D': 5, 'E': 11, 'G': 1, 'I': 3, 'K': 1, 'L': 1, 'N': 0, 'O': 0, 'U': 0, 'V': 0, 'W': 0, 'X': 0}",2024-06-23 4:37:00,2024-06-23 12:50:00,On Time
INV-ZZ-5391474,SCH-ZZ-7283355,3417,Boeing 787,CNN,MAA,270,300,107,-163,193,27,54,81,108,30,11,16,19,"{'F': 3, 'P': 16}",64,23,31,41,"{'C': 5, 'J': 20, 'Z': 16}",91,32,49,59,120,43,65,77,"{'Q': 25, 'R': 11, 'S': 7, 'T': 11, 'H': 1, 'M': 4}","{'Y': 7, 'A': 35, 'B': 33, 'D': 1, 'E': 1, 'G': 0, 'I': 0, 'K': 0, 'L': 0, 'N': 0, 'O': 0, 'U': 0, 'V': 0, 'W': 0, 'X': 0}",2024-06-29 4:37:00,2024-06-29 12:50:00,On Time
INV-ZZ-8820852,SCH-ZZ-7283355,3417,Boeing 787,CNN,MAA,270,299,111,-159,188,27,54,81,108,30,11,16,19,"{'F': 18, 'P': 1}",60,22,32,38,"{'C': 6, 'J': 16, 'Z': 16}",96,36,45,60,128,47,61,81,"{'Q': 17, 'R': 15, 'S': 7, 'T': 6, 'H': 15, 'M': 0}","{'Y': 52, 'A': 27, 'B': 1, 'D': 0, 'E': 1, 'G': 0, 'I': 0, 'K': 0, 'L': 0, 'N': 0, 'O': 0, 'U': 0, 'V': 0, 'W': 0, 'X': 0}",2024-06-30 4:37:00,2024-06-30 12:50:00,On Time
INV-ZZ-7070488,SCH-ZZ-7283355,3417,Boeing 787,CNN,MAA,270,318,114,-156,204,27,54,81,108,31,11,16,20,"{'F': 13, 'P': 7}",65,23,31,42,"{'C': 12, 'J': 22, 'Z': 8}",90,32,49,58,120,43,65,77,"{'Q': 27, 'R': 10, 'S': 17, 'T': 4, 'H': 0, 'M': 0}","{'Y': 10, 'A': 13, 'B': 4, 'D': 28, 'E': 8, 'G': 6, 'I': 1, 'K': 0, 'L': 2, 'N': 3, 'O': 1, 'U': 0, 'V': 1, 'W': 0, 'X': 0}",2024-07-06 4:37:00,2024-07-06 12:50:00,On Time
INV-ZZ-7396098,SCH-ZZ-7283355,3417,Boeing 787,CNN,MAA,270,300,114,-156,186,27,54,81,108,30,11,16,19,"{'F': 2, 'P': 17}",64,24,30,40,"{'C': 1, 'J': 1, 'Z': 38}",94,36,45,58,122,46,62,76,"{'Q': 5, 'R': 52, 'S': 1, 'T': 0, 'H': 0, 'M': 0}","{'Y': 58, 'A': 9, 'B': 4, 'D': 2, 'E': 2, 'G': 0, 'I': 0, 'K': 0, 'L': 0, 'N': 1, 'O': 0, 'U': 0, 'V': 0, 'W': 0, 'X': 0}",2024-07-07 4:37:00,2024-07-07 12:50:00,On Time
INV-ZZ-2962005,SCH-ZZ-7283355,3417,Boeing 787,CNN,MAA,270,318,115,-155,203,27,54,81,108,31,11,16,20,"{'F': 0, 'P': 20}",62,22,32,40,"{'C': 23, 'J': 14, 'Z': 3}",93,34,47,59,129,47,61,82,"{'Q': 49, 'R': 5, 'S': 2, 'T': 3, 'H': 0, 'M': 0}","{'Y': 56, 'A': 3, 'B': 5, 'D': 4, 'E': 5, 'G': 1, 'I': 6, 'K': 2, 'L': 0, 'N': 0, 'O': 0, 'U': 0, 'V': 0, 'W': 0, 'X': 0}",2024-07-13 4:37:00,2024-07-13 12:50:00,On Time
INV-ZZ-2735784,SCH-ZZ-7283355,3417,Boeing 787,CNN,MAA,270,323,109,-161,214,27,54,81,108,30,10,17,20,"{'F': 2, 'P': 18}",60,20,34,40,"{'C': 1, 'J': 21, 'Z': 18}",93,31,50,62,122,41,67,81,"{'Q': 39, 'R': 22, 'S': 1, 'T': 0, 'H': 0, 'M': 0}","{'Y': 14, 'A': 15, 'B': 27, 'D': 13, 'E': 8, 'G': 4, 'I': 0, 'K': 0, 'L': 0, 'N': 0, 'O': 0, 'U': 0, 'V': 0, 'W': 0, 'X': 0}",2024-07-14 4:37:00,2024-07-14 12:50:00,On Time
INV-ZZ-1671415,SCH-ZZ-7283355,3417,Boeing 787,CNN,MAA,270,302,93,-177,209,27,54,81,108,30,9,18,21,"{'F': 18, 'P': 3}",61,19,35,42,"{'C': 25, 'J': 0, 'Z': 17}",90,28,53,62,119,36,72,83,"{'Q': 48, 'R': 11, 'S': 2, 'T': 0, 'H': 1, 'M': 0}","{'Y': 51, 'A': 26, 'B': 4, 'D': 0, 'E': 0, 'G': 2, 'I': 0, 'K': 0, 'L': 0, 'N': 0, 'O': 0, 'U': 0, 'V': 0, 'W': 0, 'X': 0}",2024-07-20 4:37:00,2024-07-20 12:50:00,On Time
INV-ZZ-3652962,SCH-ZZ-7283355,3417,Boeing 787,CNN,MAA,270,313,110,-160,203,27,54,81,108,31,11,16,20,"{'F': 3, 'P': 17}",63,22,32,41,"{'C': 22, 'J': 9, 'Z': 10}",92,32,49,60,124,43,65,81,"{'Q': 22, 'R': 7, 'S': 4, 'T': 22, 'H': 3, 'M': 2}","{'Y': 8, 'A': 67, 'B': 3, 'D': 2, 'E': 1, 'G': 0, 'I': 0, 'K': 0, 'L': 0, 'N': 0, 'O': 0, 'U': 0, 'V': 0, 'W': 0, 'X': 0}",2024-07-21 4:37:00,2024-07-21 12:50:00,On Time
INV-ZZ-2937163,SCH-ZZ-7283355,3417,Boeing 787,CNN,MAA,270,316,90,-180,226,27,54,81,108,32,9,18,23,"{'F': 13, 'P': 10}",64,18,36,46,"{'C': 15, 'J': 8, 'Z': 23}",95,27,54,68,124,35,73,89,"{'Q': 32, 'R': 23, 'S': 0, 'T': 8, 'H': 3, 'M': 2}","{'Y': 48, 'A': 36, 'B': 0, 'D': 2, 'E': 0, 'G': 2, 'I': 0, 'K': 0, 'L': 1, 'N': 0, 'O': 0, 'U': 0, 'V': 0, 'W': 0, 'X': 0}",2024-07-27 4:37:00,2024-07-27 12:50:00,On Time
INV-ZZ-1350452,SCH-ZZ-7283355,3417,Boeing 787,CNN,MAA,270,297,93,-177,204,27,54,81,108,32,10,17,22,"{'F': 15, 'P': 7}",65,20,34,45,"{'C': 18, 'J': 11, 'Z': 16}",90,28,53,62,123,39,69,84,"{'Q': 10, 'R': 5, 'S': 37, 'T': 8, 'H': 2, 'M': 0}","{'Y': 9, 'A': 70, 'B': 0, 'D': 2, 'E': 0, 'G': 1, 'I': 1, 'K': 0, 'L': 1, 'N': 0, 'O': 0, 'U': 0, 'V': 0, 'W': 0, 'X': 0}",2024-07-28 4:37:00,2024-07-28 12:50:00,On Time
INV-ZZ-3541111,SCH-ZZ-7283355,3417,Boeing 787,CNN,MAA,270,318,95,-175,223,27,54,81,108,32,10,17,22,"{'F': 21, 'P': 1}",60,18,36,42,"{'C': 13, 'J': 1, 'Z': 28}",93,28,53,65,127,38,70,89,"{'Q': 42, 'R': 11, 'S': 8, 'T': 4, 'H': 0, 'M': 0}","{'Y': 72, 'A': 0, 'B': 2, 'D': 6, 'E': 2, 'G': 3, 'I': 1, 'K': 1, 'L': 0, 'N': 0, 'O': 2, 'U': 0, 'V': 0, 'W': 0, 'X': 0}",2024-08-03 4:37:00,2024-08-03 12:50:00,On Time
INV-ZZ-4570768,SCH-ZZ-7283355,3417,Boeing 787,CNN,MAA,270,304,83,-187,221,27,54,81,108,30,8,19,22,"{'F': 16, 'P': 6}",63,17,37,46,"{'C': 28, 'J': 0, 'Z': 18}",92,25,56,67,123,33,75,90,"{'Q': 53, 'R': 4, 'S': 9, 'T': 0, 'H': 1, 'M': 0}","{'Y': 82, 'A': 2, 'B': 1, 'D': 0, 'E': 1, 'G': 1, 'I': 0, 'K': 2, 'L': 1, 'N': 0, 'O': 0, 'U': 0, 'V': 0, 'W': 0, 'X': 0}",2024-08-04 4:37:00,2024-08-04 12:50:00,On Time
INV-ZZ-9069594,SCH-ZZ-7283355,3417,Boeing 787,CNN,MAA,270,315,88,-182,227,27,54,81,108,31,9,18,22,"{'F': 4, 'P': 18}",60,17,37,43,"{'C': 36, 'J': 2, 'Z': 5}",92,26,55,66,125,35,73,90,"{'Q': 6, 'R': 59, 'S': 1, 'T': 0, 'H': 0, 'M': 0}","{'Y': 52, 'A': 7, 'B': 30, 'D': 1, 'E': 0, 'G': 0, 'I': 0, 'K': 0, 'L': 0, 'N': 0, 'O': 0, 'U': 0, 'V': 0, 'W': 0, 'X': 0}",2024-08-10 4:37:00,2024-08-10 12:50:00,On Time
INV-ZZ-4319174,SCH-ZZ-7283355,3417,Boeing 787,CNN,MAA,270,310,87,-183,223,27,54,81,108,30,8,19,22,"{'F': 18, 'P': 4}",63,18,36,45,"{'C': 16, 'J': 16, 'Z': 13}",91,25,56,66,120,34,74,86,"{'Q': 12, 'R': 38, 'S': 8, 'T': 4, 'H': 0, 'M': 4}","{'Y': 37, 'A': 13, 'B': 5, 'D': 23, 'E': 6, 'G': 2, 'I': 0, 'K': 0, 'L': 0, 'N': 0, 'O': 0, 'U': 0, 'V': 0, 'W': 0, 'X': 0}",2024-08-11 4:37:00,2024-08-11 12:50:00,On Time
INV-ZZ-8429501,SCH-ZZ-7283355,3417,Boeing 787,CNN,MAA,270,298,74,-196,224,27,54,81,108,32,8,19,24,"{'F': 9, 'P': 15}",62,15,39,47,"{'C': 20, 'J': 16, 'Z': 11}",96,24,57,72,122,30,78,92,"{'Q': 3, 'R': 59, 'S': 6, 'T': 0, 'H': 4, 'M': 0}","{'Y': 88, 'A': 3, 'B': 0, 'D': 1, 'E': 0, 'G': 0, 'I': 0, 'K': 0, 'L': 0, 'N': 0, 'O': 0, 'U': 0, 'V': 0, 'W': 0, 'X': 0}",2024-08-17 4:37:00,2024-08-17 12:50:00,On Time
INV-ZZ-7155087,SCH-ZZ-7283355,3417,Boeing 787,CNN,MAA,270,319,86,-184,233,27,54,81,108,32,9,18,23,"{'F': 18, 'P': 5}",65,17,37,48,"{'C': 35, 'J': 12, 'Z': 1}",93,25,56,68,129,35,73,94,"{'Q': 20, 'R': 20, 'S': 8, 'T': 18, 'H': 1, 'M': 1}","{'Y': 40, 'A': 22, 'B': 9, 'D': 19, 'E': 2, 'G': 1, 'I': 1, 'K': 0, 'L': 0, 'N': 0, 'O': 0, 'U': 0, 'V': 0, 'W': 0, 'X': 0}",2024-08-18 4:37:00,2024-08-18 12:50:00,On Time
INV-ZZ-4243562,SCH-ZZ-7283355,3417,Boeing 787,CNN,MAA,270,305,75,-195,230,27,54,81,108,31,8,19,23,"{'F': 12, 'P': 11}",64,16,38,48,"{'C': 41, 'J': 2, 'Z': 5}",92,23,58,69,122,30,78,92,"{'Q': 11, 'R': 51, 'S': 3, 'T': 0, 'H': 1, 'M': 3}","{'Y': 32, 'A': 42, 'B': 2, 'D': 6, 'E': 10, 'G': 0, 'I': 0, 'K': 0, 'L': 0, 'N': 0, 'O': 0, 'U': 0, 'V': 0, 'W': 0, 'X': 0}",2024-08-24 4:37:00,2024-08-24 12:50:00,On Time
INV-ZZ-4381149,SCH-ZZ-8305184,3083,Airbus A320 Neo,CCJ,MAA,180,202,50,-130,152,18,36,54,72,20,5,13,15,"{'F': 10, 'P': 5}",43,11,25,32,"{'C': 22, 'J': 1, 'Z': 9}",62,15,39,47,84,21,51,63,"{'Q': 28, 'R': 11, 'S': 2, 'T': 3, 'H': 3, 'M': 0}","{'Y': 1, 'A': 11, 'B': 37, 'D': 0, 'E': 7, 'G': 1, 'I': 3, 'K': 2, 'L': 1, 'N': 0, 'O': 0, 'U': 0, 'V': 0, 'W': 0, 'X': 0}",2024-08-23 22:42:00,2024-08-24 6:43:00,On Time
INV-ZZ-8169821,SCH-ZZ-8305184,3083,Airbus A320 Neo,CCJ,MAA,180,207,51,-129,156,18,36,54,72,22,5,13,17,"{'F': 13, 'P': 4}",42,10,26,32,"{'C': 4, 'J': 2, 'Z': 26}",64,16,38,48,81,20,52,61,"{'Q': 7, 'R': 22, 'S': 5, 'T': 2, 'H': 0, 'M': 12}","{'Y': 32, 'A': 19, 'B': 5, 'D': 5, 'E': 0, 'G': 0, 'I': 0, 'K': 0, 'L': 0, 'N': 0, 'O': 0, 'U': 0, 'V': 0, 'W': 0, 'X': 0}",2024-08-24 22:42:00,2024-08-25 6:43:00,On Time
INV-ZZ-1469162,SCH-ZZ-8305184,3083,Airbus A320 Neo,CCJ,MAA,180,212,53,-127,159,18,36,54,72,21,5,13,16,"{'F': 15, 'P': 1}",42,10,26,32,"{'C': 32, 'J': 0, 'Z': 0}",64,16,38,48,84,21,51,63,"{'Q': 2, 'R': 17, 'S': 24, 'T': 0, 'H': 5, 'M': 0}","{'Y': 51, 'A': 7, 'B': 3, 'D': 2, 'E': 0, 'G': 0, 'I': 0, 'K': 0, 'L': 0, 'N': 0, 'O': 0, 'U': 0, 'V': 0, 'W': 0, 'X': 0}",2024-08-26 22:42:00,2024-08-27 6:43:00,On Time
INV-ZZ-4397065,SCH-ZZ-8305184,3083,Airbus A320 Neo,CCJ,MAA,180,201,43,-137,158,18,36,54,72,20,4,14,16,"{'F': 5, 'P': 11}",41,9,27,32,"{'C': 3, 'J': 0, 'Z': 29}",60,13,41,47,81,17,55,64,"{'Q': 25, 'R': 13, 'S': 4, 'T': 0, 'H': 5, 'M': 0}","{'Y': 10, 'A': 35, 'B': 2, 'D': 8, 'E': 6, 'G': 0, 'I': 3, 'K': 0, 'L': 0, 'N': 0, 'O': 0, 'U': 0, 'V': 0, 'W': 0, 'X': 0}",2024-08-27 22:42:00,2024-08-28 6:43:00,On Time
INV-ZZ-5260106,SCH-ZZ-7310425,2943,Boeing 767,AMD,HYD,278,324,77,-201,247,27,55,83,111,31,7,20,24,"{'F': 4, 'P': 20}",65,16,39,49,"{'C': 18, 'J': 3, 'Z': 28}",96,23,60,73,130,31,80,99,"{'Q': 70, 'R': 1, 'S': 1, 'T': 0, 'H': 1, 'M': 0}","{'Y': 19, 'A': 31, 'B': 49, 'D': 0, 'E': 0, 'G': 0, 'I': 0, 'K': 0, 'L': 0, 'N': 0, 'O': 0, 'U': 0, 'V': 0, 'W': 0, 'X': 0}",2024-08-18 13:55:00,2024-08-18 20:40:00,On Time
INV-ZZ-4064097,SCH-ZZ-7310425,2943,Boeing 767,AMD,HYD,278,318,75,-203,243,27,55,83,111,31,7,20,24,"{'F': 11, 'P': 13}",62,15,40,47,"{'C': 43, 'J': 0, 'Z': 4}",95,22,61,73,127,30,81,97,"{'Q': 1, 'R': 16, 'S': 14, 'T': 27, 'H': 0, 'M': 15}","{'Y': 54, 'A': 4, 'B': 10, 'D': 7, 'E': 18, 'G': 4, 'I': 0, 'K': 0, 'L': 0, 'N': 0, 'O': 0, 'U': 0, 'V': 0, 'W': 0, 'X': 0}",2024-08-20 13:55:00,2024-08-20 20:40:00,On Time
INV-ZZ-8979375,SCH-ZZ-7310425,2943,Boeing 767,AMD,HYD,278,314,78,-200,236,27,55,83,111,31,8,19,23,"{'F': 0, 'P': 23}",63,16,39,47,"{'C': 16, 'J': 3, 'Z': 28}",93,23,60,70,129,32,79,97,"{'Q': 15, 'R': 3, 'S': 44, 'T': 0, 'H': 4, 'M': 4}","{'Y': 24, 'A': 70, 'B': 2, 'D': 1, 'E': 0, 'G': 0, 'I': 0, 'K': 0, 'L': 0, 'N': 0, 'O': 0, 'U': 0, 'V': 0, 'W': 0, 'X': 0}",2024-08-22 13:55:00,2024-08-22 20:40:00,On Time
INV-ZZ-8633808,SCH-ZZ-7310425,2943,Boeing 767,AMD,HYD,278,329,73,-205,256,27,55,83,111,31,7,20,24,"{'F': 10, 'P': 14}",61,14,41,47,"{'C': 47, 'J': 0, 'Z': 0}",98,22,61,76,126,28,83,98,"{'Q': 74, 'R': 0, 'S': 1, 'T': 0, 'H': 1, 'M': 0}","{'Y': 75, 'A': 22, 'B': 1, 'D': 0, 'E': 0, 'G': 0, 'I': 0, 'K': 0, 'L': 0, 'N': 0, 'O': 0, 'U': 0, 'V': 0, 'W': 0, 'X': 0}",2024-08-23 13:55:00,2024-08-23 20:40:00,On Time
INV-ZZ-1682061,SCH-ZZ-3126325,4211,ATR 72,GOI,DEL,72,82,70,-2,12,7,14,21,28,8,7,0,1,"{'F': 1, 'P': 0}",16,14,0,2,"{'C': 2, 'J': 0, 'Z': 0}",25,21,0,4,32,27,1,5,"{'Q': 3, 'R': 0, 'S': 0, 'T': 1, 'H': 0, 'M': 0}","{'Y': 0, 'A': 3, 'B': 1, 'D': 1, 'E': 0, 'G': 0, 'I': 0, 'K': 0, 'L': 0, 'N': 0, 'O': 0, 'U': 0, 'V': 0, 'W': 0, 'X': 0}",2024-01-11 17:01:00,2024-01-12 11:08:00,On Time
INV-ZZ-2831256,SCH-ZZ-3126325,4211,ATR 72,GOI,DEL,72,81,69,-3,12,7,14,21,28,8,7,0,1,"{'F': 0, 'P': 1}",16,14,0,2,"{'C': 2, 'J': 0, 'Z': 0}",23,20,1,3,32,27,1,5,"{'Q': 1, 'R': 2, 'S': 0, 'T': 0, 'H': 0, 'M': 0}","{'Y': 3, 'A': 0, 'B': 0, 'D': 1, 'E': 0, 'G': 1, 'I': 0, 'K': 0, 'L': 0, 'N': 0, 'O': 0, 'U': 0, 'V': 0, 'W': 0, 'X': 0}",2024-01-12 17:01:00,2024-01-13 11:08:00,On Time
INV-ZZ-3042075,SCH-ZZ-3126325,4211,ATR 72,GOI,DEL,72,83,72,0,11,7,14,21,28,8,7,0,1,"{'F': 0, 'P': 1}",16,14,0,2,"{'C': 1, 'J': 0, 'Z': 1}",25,22,-1,3,31,27,1,4,"{'Q': 0, 'R': 2, 'S': 1, 'T': 0, 'H': 0, 'M': 0}","{'Y': 1, 'A': 1, 'B': 1, 'D': 1, 'E': 0, 'G': 0, 'I': 0, 'K': 0, 'L': 0, 'N': 0, 'O': 0, 'U': 0, 'V': 0, 'W': 0, 'X': 0}",2024-01-13 17:01:00,2024-01-14 11:08:00,On Time
INV-ZZ-1450617,SCH-ZZ-3126325,4211,ATR 72,GOI,DEL,72,84,71,-1,13,7,14,21,28,8,7,0,1,"{'F': 0, 'P': 1}",16,13,1,3,"{'C': 1, 'J': 1, 'Z': 1}",24,20,1,4,33,28,0,5,"{'Q': 3, 'R': 1, 'S': 0, 'T': 0, 'H': 0, 'M': 0}","{'Y': 2, 'A': 3, 'B': 0, 'D': 0, 'E': 0, 'G': 0, 'I': 0, 'K': 0, 'L': 0, 'N': 0, 'O': 0, 'U': 0, 'V': 0, 'W': 0, 'X': 0}",2024-01-14 17:01:00,2024-01-15 11:08:00,On Time
INV-ZZ-6512117,SCH-ZZ-3126325,4211,ATR 72,GOI,DEL,72,85,67,-5,18,7,14,21,28,8,6,1,2,"{'F': 2, 'P': 0}",16,13,1,3,"{'C': 1, 'J': 1, 'Z': 1}",24,19,2,5,33,26,2,7,"{'Q': 1, 'R': 2, 'S': 1, 'T': 1, 'H': 0, 'M': 0}","{'Y': 4, 'A': 1, 'B': 2, 'D': 0, 'E': 0, 'G': 0, 'I': 0, 'K': 0, 'L': 0, 'N': 0, 'O': 0, 'U': 0, 'V': 0, 'W': 0, 'X': 0}",2024-01-16 17:01:00,2024-01-17 11:08:00,On Time
INV-ZZ-4969789,SCH-ZZ-3126325,4211,ATR 72,GOI,DEL,72,83,65,-7,18,7,14,21,28,8,6,1,2,"{'F': 1, 'P': 1}",16,13,1,3,"{'C': 0, 'J': 1, 'Z': 2}",24,19,2,5,34,27,1,7,"{'Q': 5, 'R': 0, 'S': 0, 'T': 0, 'H': 0, 'M': 0}","{'Y': 0, 'A': 4, 'B': 2, 'D': 0, 'E': 0, 'G': 1, 'I': 0, 'K': 0, 'L': 0, 'N': 0, 'O': 0, 'U': 0, 'V': 0, 'W': 0, 'X': 0}",2024-01-18 17:01:00,2024-01-19 11:08:00,On Time
INV-ZZ-3584384,SCH-ZZ-3126325,4211,ATR 72,GOI,DEL,72,80,62,-10,18,7,14,21,28,8,6,1,2,"{'F': 0, 'P': 2}",17,13,1,4,"{'C': 0, 'J': 0, 'Z': 4}",24,18,3,6,33,25,3,8,"{'Q': 6, 'R': 0, 'S': 0, 'T': 0, 'H': 0, 'M': 0}","{'Y': 8, 'A': 0, 'B': 0, 'D': 0, 'E': 0, 'G': 0, 'I': 0, 'K': 0, 'L': 0, 'N': 0, 'O': 0, 'U': 0, 'V': 0, 'W': 0, 'X': 0}",2024-01-19 17:01:00,2024-01-20 11:08:00,On Time
INV-ZZ-7382465,SCH-ZZ-3126325,4211,ATR 72,GOI,DEL,72,82,62,-10,20,7,14,21,28,8,6,1,2,"{'F': 0, 'P': 2}",17,13,1,4,"{'C': 2, 'J': 0, 'Z': 2}",24,18,3,6,31,24,4,7,"{'Q': 0, 'R': 4, 'S': 2, 'T': 0, 'H': 0, 'M': 0}","{'Y': 4, 'A': 0, 'B': 0, 'D': 0, 'E': 0, 'G': 1, 'I': 2, 'K': 0, 'L': 0, 'N': 0, 'O': 0, 'U': 0, 'V': 0, 'W': 0, 'X': 0}",2024-01-20 17:01:00,2024-01-21 11:08:00,On Time
INV-ZZ-7663306,SCH-ZZ-3126325,4211,ATR 72,GOI,DEL,72,81,68,-4,13,7,14,21,28,8,7,0,1,"{'F': 0, 'P': 1}",16,13,1,3,"{'C': 0, 'J': 2, 'Z': 1}",24,20,1,4,33,28,0,5,"{'Q': 0, 'R': 4, 'S': 0, 'T': 0, 'H': 0, 'M': 0}","{'Y': 4, 'A': 0, 'B': 0, 'D': 1, 'E': 0, 'G': 0, 'I': 0, 'K': 0, 'L': 0, 'N': 0, 'O': 0, 'U': 0, 'V': 0, 'W': 0, 'X': 0}",2024-01-21 17:01:00,2024-01-22 11:08:00,On Time
INV-ZZ-2311016,SCH-ZZ-3126325,4211,ATR 72,GOI,DEL,72,83,65,-7,18,7,14,21,28,8,6,1,2,"{'F': 2, 'P': 0}",16,12,2,4,"{'C': 1, 'J': 1, 'Z': 2}",25,20,1,5,33,26,2,7,"{'Q': 0, 'R': 5, 'S': 0, 'T': 0, 'H': 0, 'M': 0}","{'Y': 5, 'A': 2, 'B': 0, 'D': 0, 'E': 0, 'G': 0, 'I': 0, 'K': 0, 'L': 0, 'N': 0, 'O': 0, 'U': 0, 'V': 0, 'W': 0, 'X': 0}",2024-01-23 17:01:00,2024-01-24 11:08:00,On Time
INV-ZZ-7819275,SCH-ZZ-3126325,4211,ATR 72,GOI,DEL,72,84,69,-3,15,7,14,21,28,8,7,0,1,"{'F': 1, 'P': 0}",16,13,1,3,"{'C': 3, 'J': 0, 'Z': 0}",24,20,1,4,32,26,2,6,"{'Q': 4, 'R': 0, 'S': 0, 'T': 0, 'H': 0, 'M': 0}","{'Y': 5, 'A': 0, 'B': 1, 'D': 0, 'E': 0, 'G': 0, 'I': 0, 'K': 0, 'L': 0, 'N': 0, 'O': 0, 'U': 0, 'V': 0, 'W': 0, 'X': 0}",2024-01-25 17:01:00,2024-01-26 11:08:00,On Time
INV-ZZ-5448020,SCH-ZZ-3126325,4211,ATR 72,GOI,DEL,72,81,63,-9,18,7,14,21,28,8,6,1,2,"{'F': 1, 'P': 1}",17,13,1,4,"{'C': 4, 'J': 0, 'Z': 0}",24,19,2,5,33,26,2,7,"{'Q': 1, 'R': 0, 'S': 0, 'T': 0, 'H': 0, 'M': 4}","{'Y': 5, 'A': 1, 'B': 0, 'D': 1, 'E': 0, 'G': 0, 'I': 0, 'K': 0, 'L': 0, 'N': 0, 'O': 0, 'U': 0, 'V': 0, 'W': 0, 'X': 0}",2024-01-26 17:01:00,2024-01-27 11:08:00,On Time
INV-ZZ-9468632,SCH-ZZ-3126325,4211,ATR 72,GOI,DEL,72,81,64,-8,17,7,14,21,28,8,6,1,2,"{'F': 1, 'P': 1}",16,13,1,3,"{'C': 0, 'J': 0, 'Z': 3}",24,19,2,5,32,25,3,7,"{'Q': 4, 'R': 1, 'S': 0, 'T': 0, 'H': 0, 'M': 0}","{'Y': 6, 'A': 1, 'B': 0, 'D': 0, 'E': 0, 'G': 0, 'I': 0, 'K': 0, 'L': 0, 'N': 0, 'O': 0, 'U': 0, 'V': 0, 'W': 0, 'X': 0}",2024-01-27 17:01:00,2024-01-28 11:08:00,On Time
INV-ZZ-2915201,SCH-ZZ-3126325,4211,ATR 72,GOI,DEL,72,85,62,-10,23,7,14,21,28,8,6,1,2,"{'F': 0, 'P': 2}",15,11,3,4,"{'C': 3, 'J': 1, 'Z': 0}",25,18,3,7,31,23,5,8,"{'Q': 6, 'R': 1, 'S': 0, 'T': 0, 'H': 0, 'M': 0}","{'Y': 6, 'A': 1, 'B': 1, 'D': 0, 'E': 0, 'G': 0, 'I': 0, 'K': 0, 'L': 0, 'N': 0, 'O': 0, 'U': 0, 'V': 0, 'W': 0, 'X': 0}",2024-01-28 17:01:00,2024-01-29 11:08:00,On Time
INV-ZZ-9229592,SCH-ZZ-3126325,4211,ATR 72,GOI,DEL,72,85,64,-8,21,7,14,21,28,8,6,1,2,"{'F': 0, 'P': 2}",16,12,2,4,"{'C': 0, 'J': 4, 'Z': 0}",25,19,2,6,33,25,3,8,"{'Q': 3, 'R': 1, 'S': 2, 'T': 0, 'H': 0, 'M': 0}","{'Y': 4, 'A': 2, 'B': 2, 'D': 0, 'E': 0, 'G': 0, 'I': 0, 'K': 0, 'L': 0, 'N': 0, 'O': 0, 'U': 0, 'V': 0, 'W': 0, 'X': 0}",2024-01-30 17:01:00,2024-01-31 11:08:00,On Time
INV-ZZ-3825476,SCH-ZZ-3126325,4211,ATR 72,GOI,DEL,72,83,59,-13,24,7,14,21,28,8,6,1,2,"{'F': 2, 'P': 0}",16,11,3,5,"{'C': 3, 'J': 2, 'Z': 0}",24,17,4,7,33,23,5,10,"{'Q': 0, 'R': 7, 'S': 0, 'T': 0, 'H': 0, 'M': 0}","{'Y': 6, 'A': 2, 'B': 0, 'D': 1, 'E': 1, 'G': 0, 'I': 0, 'K': 0, 'L': 0, 'N': 0, 'O': 0, 'U': 0, 'V': 0, 'W': 0, 'X': 0}",2024-02-01 17:01:00,2024-02-02 11:08:00,On Time
INV-ZZ-1993375,SCH-ZZ-3126325,4211,ATR 72,GOI,DEL,72,86,62,-10,24,7,14,21,28,8,6,1,2,"{'F': 2, 'P': 0}",17,12,2,5,"{'C': 5, 'J': 0, 'Z': 0}",23,17,4,6,32,23,5,9,"{'Q': 5, 'R': 1, 'S': 0, 'T': 0, 'H': 0, 'M': 0}","{'Y': 3, 'A': 0, 'B': 0, 'D': 2, 'E': 1, 'G': 3, 'I': 0, 'K': 0, 'L': 0, 'N': 0, 'O': 0, 'U': 0, 'V': 0, 'W': 0, 'X': 0}",2024-02-02 17:01:00,2024-02-03 11:08:00,On Time
INV-ZZ-8085400,SCH-ZZ-3126325,4211,ATR 72,GOI,DEL,72,85,67,-5,18,7,14,21,28,8,6,1,2,"{'F': 0, 'P': 2}",17,13,1,4,"{'C': 2, 'J': 0, 'Z': 2}",24,19,2,5,31,25,3,6,"{'Q': 1, 'R': 0, 'S': 3, 'T': 0, 'H': 0, 'M': 1}","{'Y': 4, 'A': 0, 'B': 2, 'D': 0, 'E': 0, 'G': 0, 'I': 0, 'K': 0, 'L': 0, 'N': 0, 'O': 0, 'U': 0, 'V': 0, 'W': 0, 'X': 0}",2024-02-03 17:01:00,2024-02-04 11:08:00,On Time
INV-ZZ-9819255,SCH-ZZ-3126325,4211,ATR 72,GOI,DEL,72,81,64,-8,17,7,14,21,28,8,6,1,2,"{'F': 0, 'P': 2}",16,13,1,3,"{'C': 0, 'J': 0, 'Z': 3}",24,19,2,5,32,25,3,7,"{'Q': 2, 'R': 1, 'S': 0, 'T': 1, 'H': 1, 'M': 0}","{'Y': 6, 'A': 0, 'B': 0, 'D': 0, 'E': 1, 'G': 0, 'I': 0, 'K': 0, 'L': 0, 'N': 0, 'O': 0, 'U': 0, 'V': 0, 'W': 0, 'X': 0}",2024-02-04 17:01:00,2024-02-05 11:08:00,On Time
INV-ZZ-5422239,SCH-ZZ-3126325,4211,ATR 72,GOI,DEL,72,85,65,-7,20,7,14,21,28,8,6,1,2,"{'F': 1, 'P': 1}",16,12,2,4,"{'C': 4, 'J': 0, 'Z': 0}",24,18,3,6,34,26,2,8,"{'Q': 0, 'R': 3, 'S': 0, 'T': 1, 'H': 0, 'M': 2}","{'Y': 3, 'A': 5, 'B': 0, 'D': 0, 'E': 0, 'G': 0, 'I': 0, 'K': 0, 'L': 0, 'N': 0, 'O': 0, 'U': 0, 'V': 0, 'W': 0, 'X': 0}",2024-02-06 17:01:00,2024-02-07 11:08:00,On Time
INV-ZZ-6989609,SCH-ZZ-3126325,4211,ATR 72,GOI,DEL,72,84,62,-10,22,7,14,21,28,8,6,1,2,"{'F': 2, 'P': 0}",15,11,3,4,"{'C': 2, 'J': 1, 'Z': 1}",24,18,3,6,32,24,4,8,"{'Q': 4, 'R': 2, 'S': 0, 'T': 0, 'H': 0, 'M': 0}","{'Y': 1, 'A': 4, 'B': 0, 'D': 1, 'E': 1, 'G': 1, 'I': 0, 'K': 0, 'L': 0, 'N': 0, 'O': 0, 'U': 0, 'V': 0, 'W': 0, 'X': 0}",2024-02-08 17:01:00,2024-02-09 11:08:00,On Time
INV-ZZ-2175571,SCH-ZZ-3126325,4211,ATR 72,GOI,DEL,72,80,59,-13,21,7,14,21,28,8,6,1,2,"{'F': 1, 'P': 1}",17,12,2,5,"{'C': 4, 'J': 1, 'Z': 0}",24,18,3,6,33,24,4,9,"{'Q': 0, 'R': 1, 'S': 1, 'T': 1, 'H': 1, 'M': 2}","{'Y': 6, 'A': 3, 'B': 0, 'D': 0, 'E': 0, 'G': 0, 'I': 0, 'K': 0, 'L': 0, 'N': 0, 'O': 0, 'U': 0, 'V': 0, 'W': 0, 'X': 0}",2024-02-09 17:01:00,2024-02-10 11:08:00,On Time
INV-ZZ-4421234,SCH-ZZ-3126325,4211,ATR 72,GOI,DEL,72,85,62,-10,23,7,14,21,28,8,6,1,2,"{'F': 1, 'P': 1}",16,12,2,4,"{'C': 2, 'J': 1, 'Z': 1}",24,18,3,6,32,23,5,9,"{'Q': 2, 'R': 4, 'S': 0, 'T': 0, 'H': 0, 'M': 0}","{'Y': 0, 'A': 5, 'B': 4, 'D': 0, 'E': 0, 'G': 0, 'I': 0, 'K': 0, 'L': 0, 'N': 0, 'O': 0, 'U': 0, 'V': 0, 'W': 0, 'X': 0}",2024-02-10 17:01:00,2024-02-11 11:08:00,On Time
INV-ZZ-3984650,SCH-ZZ-3126325,4211,ATR 72,GOI,DEL,72,83,63,-9,20,7,14,21,28,8,6,1,2,"{'F': 0, 'P': 2}",17,13,1,4,"{'C': 3, 'J': 1, 'Z': 0}",24,18,3,6,32,24,4,8,"{'Q': 6, 'R': 0, 'S': 0, 'T': 0, 'H': 0, 'M': 0}","{'Y': 4, 'A': 0, 'B': 3, 'D': 1, 'E': 0, 'G': 0, 'I': 0, 'K': 0, 'L': 0, 'N': 0, 'O': 0, 'U': 0, 'V': 0, 'W': 0, 'X': 0}",2024-02-11 17:01:00,2024-02-12 11:08:00,On Time
INV-ZZ-2361128,SCH-ZZ-3126325,4211,ATR 72,GOI,DEL,72,83,58,-14,25,7,14,21,28,8,6,1,2,"{'F': 1, 'P': 1}",16,11,3,5,"{'C': 1, 'J': 2, 'Z': 2}",25,17,4,8,31,22,6,9,"{'Q': 1, 'R': 4, 'S': 1, 'T': 1, 'H': 1, 'M': 0}","{'Y': 1, 'A': 6, 'B': 2, 'D': 0, 'E': 0, 'G': 0, 'I': 0, 'K': 0, 'L': 0, 'N': 0, 'O': 0, 'U': 0, 'V': 0, 'W': 0, 'X': 0}",2024-02-13 17:01:00,2024-02-14 11:08:00,On Time
INV-ZZ-1247078,SCH-ZZ-3126325,4211,ATR 72,GOI,DEL,72,82,61,-11,21,7,14,21,28,8,6,1,2,"{'F': 2, 'P': 0}",16,12,2,4,"{'C': 3, 'J': 1, 'Z': 0}",24,18,3,6,32,24,4,8,"{'Q': 1, 'R': 5, 'S': 0, 'T': 0, 'H': 0, 'M': 0}","{'Y': 8, 'A': 0, 'B': 0, 'D': 0, 'E': 0, 'G': 0, 'I': 0, 'K': 0, 'L': 0, 'N': 0, 'O': 0, 'U': 0, 'V': 0, 'W': 0, 'X': 0}",2024-02-15 17:01:00,2024-02-16 11:08:00,On Time
INV-ZZ-6805452,SCH-ZZ-3126325,4211,ATR 72,GOI,DEL,72,82,57,-15,25,7,14,21,28,8,6,1,2,"{'F': 0, 'P': 2}",17,12,2,5,"{'C': 5, 'J': 0, 'Z': 0}",23,16,5,7,32,22,6,10,"{'Q': 4, 'R': 3, 'S': 0, 'T': 0, 'H': 0, 'M': 0}","{'Y': 5, 'A': 1, 'B': 2, 'D': 2, 'E': 0, 'G': 0, 'I': 0, 'K': 0, 'L': 0, 'N': 0, 'O': 0, 'U': 0, 'V': 0, 'W': 0, 'X': 0}",2024-02-16 17:01:00,2024-02-17 11:08:00,On Time
INV-ZZ-4262092,SCH-ZZ-3126325,4211,ATR 72,GOI,DEL,72,84,64,-8,20,7,14,21,28,8,6,1,2,"{'F': 0, 'P': 2}",17,13,1,4,"{'C': 4, 'J': 0, 'Z': 0}",23,17,4,6,32,24,4,8,"{'Q': 5, 'R': 1, 'S': 0, 'T': 0, 'H': 0, 'M': 0}","{'Y': 0, 'A': 3, 'B': 2, 'D': 2, 'E': 1, 'G': 0, 'I': 0, 'K': 0, 'L': 0, 'N': 0, 'O': 0, 'U': 0, 'V': 0, 'W': 0, 'X': 0}",2024-02-17 17:01:00,2024-02-18 11:08:00,On Time
INV-ZZ-8771405,SCH-ZZ-3126325,4211,ATR 72,GOI,DEL,72,81,58,-14,23,7,14,21,28,8,6,1,2,"{'F': 1, 'P': 1}",16,11,3,5,"{'C': 2, 'J': 1, 'Z': 2}",24,17,4,7,33,23,5,10,"{'Q': 1, 'R': 1, 'S': 4, 'T': 0, 'H': 1, 'M': 0}","{'Y': 3, 'A': 7, 'B': 0, 'D': 0, 'E': 0, 'G': 0, 'I': 0, 'K': 0, 'L': 0, 'N': 0, 'O': 0, 'U': 0, 'V': 0, 'W': 0, 'X': 0}",2024-02-18 17:01:00,2024-02-19 11:08:00,On Time
INV-ZZ-9550939,SCH-ZZ-3126325,4211,ATR 72,GOI,DEL,72,85,57,-15,28,7,14,21,28,8,5,2,3,"{'F': 3, 'P': 0}",16,11,3,5,"{'C': 1, 'J': 2, 'Z': 2}",23,15,6,8,32,22,6,10,"{'Q': 8, 'R': 0, 'S': 0, 'T': 0, 'H': 0, 'M': 0}","{'Y': 8, 'A': 2, 'B': 0, 'D': 0, 'E': 0, 'G': 0, 'I': 0, 'K': 0, 'L': 0, 'N': 0, 'O': 0, 'U': 0, 'V': 0, 'W': 0, 'X': 0}",2024-02-20 17:01:00,2024-02-21 11:08:00,On Time
INV-ZZ-4363013,SCH-ZZ-3126325,4211,ATR 72,GOI,DEL,72,83,59,-13,24,7,14,21,28,8,6,1,2,"{'F': 2, 'P': 0}",17,12,2,5,"{'C': 2, 'J': 3, 'Z': 0}",25,18,3,7,31,22,6,9,"{'Q': 0, 'R': 6, 'S': 1, 'T': 0, 'H': 0, 'M': 0}","{'Y': 0, 'A': 5, 'B': 1, 'D': 1, 'E': 2, 'G': 0, 'I': 0, 'K': 0, 'L': 0, 'N': 0, 'O': 0, 'U': 0, 'V': 0, 'W': 0, 'X': 0}",2024-02-22 17:01:00,2024-02-23 11:08:00,On Time
INV-ZZ-1727231,SCH-ZZ-3126325,4211,ATR 72,GOI,DEL,72,85,63,-9,22,7,14,21,28,8,6,1,2,"{'F': 1, 'P': 1}",16,12,2,4,"{'C': 3, 'J': 0, 'Z': 1}",25,19,2,6,33,25,3,8,"{'Q': 4, 'R': 1, 'S': 1, 'T': 0, 'H': 0, 'M': 0}","{'Y': 0, 'A': 1, 'B': 4, 'D': 1, 'E': 2, 'G': 0, 'I': 0, 'K': 0, 'L': 0, 'N': 0, 'O': 0, 'U': 0, 'V': 0, 'W': 0, 'X': 0}",2024-02-23 17:01:00,2024-02-24 11:08:00,On Time
INV-ZZ-8617262,SCH-ZZ-3126325,4211,ATR 72,GOI,DEL,72,80,54,-18,26,7,14,21,28,8,5,2,3,"{'F': 0, 'P': 3}",15,10,4,5,"{'C': 3, 'J': 0, 'Z': 2}",25,17,4,8,33,22,6,11,"{'Q': 2, 'R': 4, 'S': 0, 'T': 2, 'H': 0, 'M': 0}","{'Y': 3, 'A': 5, 'B': 3, 'D': 0, 'E': 0, 'G': 0, 'I': 0, 'K': 0, 'L': 0, 'N': 0, 'O': 0, 'U': 0, 'V': 0, 'W': 0, 'X': 0}",2024-02-24 17:01:00,2024-02-25 11:08:00,On Time
INV-ZZ-8304391,SCH-ZZ-3126325,4211,ATR 72,GOI,DEL,72,84,55,-17,29,7,14,21,28,8,5,2,3,"{'F': 2, 'P': 1}",16,10,4,6,"{'C': 5, 'J': 0, 'Z': 1}",25,16,5,9,32,21,7,11,"{'Q': 2, 'R': 3, 'S': 0, 'T': 0, 'H': 3, 'M': 1}","{'Y': 5, 'A': 3, 'B': 2, 'D': 0, 'E': 0, 'G': 1, 'I': 0, 'K': 0, 'L': 0, 'N': 0, 'O': 0, 'U': 0, 'V': 0, 'W': 0, 'X': 0}",2024-02-25 17:01:00,2024-02-26 11:08:00,On Time
INV-ZZ-7263341,SCH-ZZ-3126325,4211,ATR 72,GOI,DEL,72,80,52,-20,28,7,14,21,28,8,5,2,3,"{'F': 0, 'P': 3}",17,11,3,6,"{'C': 0, 'J': 3, 'Z': 3}",24,16,5,8,33,21,7,12,"{'Q': 2, 'R': 2, 'S': 2, 'T': 1, 'H': 0, 'M': 1}","{'Y': 7, 'A': 5, 'B': 0, 'D': 0, 'E': 0, 'G': 0, 'I': 0, 'K': 0, 'L': 0, 'N': 0, 'O': 0, 'U': 0, 'V': 0, 'W': 0, 'X': 0}",2024-02-27 17:01:00,2024-02-28 11:08:00,On Time
INV-ZZ-8352793,SCH-ZZ-3126325,4211,ATR 72,GOI,DEL,72,82,56,-16,26,7,14,21,28,8,5,2,3,"{'F': 0, 'P': 3}",16,11,3,5,"{'C': 1, 'J': 2, 'Z': 2}",25,17,4,8,33,22,6,11,"{'Q': 3, 'R': 0, 'S': 5, 'T': 0, 'H': 0, 'M': 0}","{'Y': 8, 'A': 3, 'B': 0, 'D': 0, 'E': 0, 'G': 0, 'I': 0, 'K': 0, 'L': 0, 'N': 0, 'O': 0, 'U': 0, 'V': 0, 'W': 0, 'X': 0}",2024-02-29 17:01:00,2024-03-01 11:08:00,On Time
INV-ZZ-2723279,SCH-ZZ-3126325,4211,ATR 72,GOI,DEL,72,79,55,-17,24,7,14,21,28,8,6,1,2,"{'F': 0, 'P': 2}",16,11,3,5,"{'C': 0, 'J': 5, 'Z': 0}",25,17,4,8,32,22,6,10,"{'Q': 5, 'R': 2, 'S': 1, 'T': 0, 'H': 0, 'M': 0}","{'Y': 4, 'A': 3, 'B': 2, 'D': 0, 'E': 0, 'G': 0, 'I': 1, 'K': 0, 'L': 0, 'N': 0, 'O': 0, 'U': 0, 'V': 0, 'W': 0, 'X': 0}",2024-03-01 17:01:00,2024-03-02 11:08:00,On Time
INV-ZZ-3223117,SCH-ZZ-3126325,4211,ATR 72,GOI,DEL,72,84,58,-14,26,7,14,21,28,8,6,1,2,"{'F': 1, 'P': 1}",16,11,3,5,"{'C': 4, 'J': 0, 'Z': 1}",24,17,4,7,31,22,6,9,"{'Q': 1, 'R': 2, 'S': 4, 'T': 0, 'H': 0, 'M': 0}","{'Y': 8, 'A': 0, 'B': 1, 'D': 0, 'E': 0, 'G': 0, 'I': 0, 'K': 0, 'L': 0, 'N': 0, 'O': 0, 'U': 0, 'V': 0, 'W': 0, 'X': 0}",2024-03-02 17:01:00,2024-03-03 11:08:00,On Time
INV-ZZ-9163015,SCH-ZZ-3126325,4211,ATR 72,GOI,DEL,72,81,52,-20,29,7,14,21,28,8,5,2,3,"{'F': 2, 'P': 1}",16,10,4,6,"{'C': 4, 'J': 2, 'Z': 0}",24,15,6,9,31,20,8,11,"{'Q': 9, 'R': 0, 'S': 0, 'T': 0, 'H': 0, 'M': 0}","{'Y': 5, 'A': 5, 'B': 0, 'D': 0, 'E': 0, 'G': 0, 'I': 0, 'K': 1, 'L': 0, 'N': 0, 'O': 0, 'U': 0, 'V': 0, 'W': 0, 'X': 0}",2024-03-03 17:01:00,2024-03-04 11:08:00,On Time
INV-ZZ-4119292,SCH-ZZ-3126325,4211,ATR 72,GOI,DEL,72,85,55,-17,30,7,14,21,28,8,5,2,3,"{'F': 2, 'P': 1}",16,10,4,6,"{'C': 0, 'J': 3, 'Z': 3}",24,16,5,8,33,22,6,11,"{'Q': 0, 'R': 4, 'S': 4, 'T': 0, 'H': 0, 'M': 0}","{'Y': 6, 'A': 5, 'B': 0, 'D': 0, 'E': 0, 'G': 0, 'I': 0, 'K': 0, 'L': 0, 'N': 0, 'O': 0, 'U': 0, 'V': 0, 'W': 0, 'X': 0}",2024-03-05 17:01:00,2024-03-06 11:08:00,On Time
INV-ZZ-6018557,SCH-ZZ-3126325,4211,ATR 72,GOI,DEL,72,85,57,-15,28,7,14,21,28,8,5,2,3,"{'F': 2, 'P': 1}",17,11,3,6,"{'C': 6, 'J': 0, 'Z': 0}",24,16,5,8,32,21,7,11,"{'Q': 4, 'R': 4, 'S': 0, 'T': 0, 'H': 0, 'M': 0}","{'Y': 7, 'A': 3, 'B': 1, 'D': 0, 'E': 0, 'G': 0, 'I': 0, 'K': 0, 'L': 0, 'N': 0, 'O': 0, 'U': 0, 'V': 0, 'W': 0, 'X': 0}",2024-03-07 17:01:00,2024-03-08 11:08:00,On Time
INV-ZZ-8580795,SCH-ZZ-3126325,4211,ATR 72,GOI,DEL,72,79,50,-22,29,7,14,21,28,8,5,2,3,"{'F': 1, 'P': 2}",17,11,3,6,"{'C': 1, 'J': 2, 'Z': 3}",24,15,6,9,31,20,8,11,"{'Q': 4, 'R': 1, 'S': 3, 'T': 0, 'H': 1, 'M': 0}","{'Y': 3, 'A': 7, 'B': 1, 'D': 0, 'E': 0, 'G': 0, 'I': 0, 'K': 0, 'L': 0, 'N': 0, 'O': 0, 'U': 0, 'V': 0, 'W': 0, 'X': 0}",2024-03-08 17:01:00,2024-03-09 11:08:00,On Time
INV-ZZ-5264421,SCH-ZZ-3126325,4211,ATR 72,GOI,DEL,72,79,51,-21,28,7,14,21,28,8,5,2,3,"{'F': 3, 'P': 0}",16,10,4,6,"{'C': 2, 'J': 1, 'Z': 3}",23,15,6,8,33,21,7,12,"{'Q': 0, 'R': 5, 'S': 3, 'T': 0, 'H': 0, 'M': 0}","{'Y': 12, 'A': 0, 'B': 0, 'D': 0, 'E': 0, 'G': 0, 'I': 0, 'K': 0, 'L': 0, 'N': 0, 'O': 0, 'U': 0, 'V': 0, 'W': 0, 'X': 0}",2024-03-09 17:01:00,2024-03-10 11:08:00,On Time
INV-ZZ-7346015,SCH-ZZ-3126325,4211,ATR 72,GOI,DEL,72,82,59,-13,23,7,14,21,28,8,6,1,2,"{'F': 0, 'P': 2}",16,11,3,5,"{'C': 1, 'J': 3, 'Z': 1}",24,17,4,7,32,23,5,9,"{'Q': 1, 'R': 5, 'S': 0, 'T': 0, 'H': 0, 'M': 1}","{'Y': 0, 'A': 2, 'B': 7, 'D': 0, 'E': 0, 'G': 0, 'I': 0, 'K': 0, 'L': 0, 'N': 0, 'O': 0, 'U': 0, 'V': 0, 'W': 0, 'X': 0}",2024-03-10 17:01:00,2024-03-11 11:08:00,On Time
INV-ZZ-3137156,SCH-ZZ-3126325,4211,ATR 72,GOI,DEL,72,82,51,-21,31,7,14,21,28,8,5,2,3,"{'F': 2, 'P': 1}",16,10,4,6,"{'C': 3, 'J': 1, 'Z': 2}",23,14,7,9,31,19,9,12,"{'Q': 4, 'R': 5, 'S': 0, 'T': 0, 'H': 0, 'M': 0}","{'Y': 11, 'A': 0, 'B': 1, 'D': 0, 'E': 0, 'G': 0, 'I': 0, 'K': 0, 'L': 0, 'N': 0, 'O': 0, 'U': 0, 'V': 0, 'W': 0, 'X': 0}",2024-03-12 17:01:00,2024-03-13 11:08:00,On Time
INV-ZZ-5019589,SCH-ZZ-3126325,4211,ATR 72,GOI,DEL,72,83,51,-21,32,7,14,21,28,8,5,2,3,"{'F': 3, 'P': 0}",16,10,4,6,"{'C': 5, 'J': 0, 'Z': 1}",24,15,6,9,31,19,9,12,"{'Q': 6, 'R': 0, 'S': 2, 'T': 1, 'H': 0, 'M': 0}","{'Y': 3, 'A': 0, 'B': 8, 'D': 1, 'E': 0, 'G': 0, 'I': 0, 'K': 0, 'L': 0, 'N': 0, 'O': 0, 'U': 0, 'V': 0, 'W': 0, 'X': 0}",2024-03-14 17:01:00,2024-03-15 11:08:00,On Time
INV-ZZ-6023785,SCH-ZZ-3126325,4211,ATR 72,GOI,DEL,72,82,52,-20,30,7,14,21,28,8,5,2,3,"{'F': 0, 'P': 3}",16,10,4,6,"{'C': 3, 'J': 2, 'Z': 1}",23,14,7,9,34,21,7,13,"{'Q': 8, 'R': 1, 'S': 0, 'T': 0, 'H': 0, 'M': 0}","{'Y': 5, 'A': 8, 'B': 0, 'D': 0, 'E': 0, 'G': 0, 'I': 0, 'K': 0, 'L': 0, 'N': 0, 'O': 0, 'U': 0, 'V': 0, 'W': 0, 'X': 0}",2024-03-15 17:01:00,2024-03-16 11:08:00,On Time
INV-ZZ-1368140,SCH-ZZ-3126325,4211,ATR 72,GOI,DEL,72,80,52,-20,28,7,14,21,28,8,5,2,3,"{'F': 0, 'P': 3}",16,10,4,6,"{'C': 5, 'J': 0, 'Z': 1}",24,16,5,8,31,20,8,11,"{'Q': 3, 'R': 0, 'S': 4, 'T': 0, 'H': 0, 'M': 1}","{'Y': 3, 'A': 4, 'B': 0, 'D': 0, 'E': 4, 'G': 0, 'I': 0, 'K': 0, 'L': 0, 'N': 0, 'O': 0, 'U': 0, 'V': 0, 'W': 0, 'X': 0}",2024-03-16 17:01:00,2024-03-17 11:08:00,On Time
INV-ZZ-7228586,SCH-ZZ-3126325,4211,ATR 72,GOI,DEL,72,84,51,-21,33,7,14,21,28,8,5,2,3,"{'F': 3, 'P': 0}",17,10,4,7,"{'C': 0, 'J': 0, 'Z': 7}",24,15,6,9,34,21,7,13,"{'Q': 9, 'R': 0, 'S': 0, 'T': 0, 'H': 0, 'M': 0}","{'Y': 10, 'A': 0, 'B': 0, 'D': 0, 'E': 2, 'G': 1, 'I': 0, 'K': 0, 'L': 0, 'N': 0, 'O': 0, 'U': 0, 'V': 0, 'W': 0, 'X': 0}",2024-03-17 17:01:00,2024-03-18 11:08:00,On Time
INV-ZZ-4446963,SCH-ZZ-3126325,4211,ATR 72,GOI,DEL,72,80,48,-24,32,7,14,21,28,8,5,2,3,"{'F': 2, 'P': 1}",16,10,4,6,"{'C': 3, 'J': 1, 'Z': 2}",25,15,6,10,33,20,8,13,"{'Q': 7, 'R': 0, 'S': 3, 'T': 0, 'H': 0, 'M': 0}","{'Y': 12, 'A': 0, 'B': 1, 'D': 0, 'E': 0, 'G': 0, 'I': 0, 'K': 0, 'L': 0, 'N': 0, 'O': 0, 'U': 0, 'V': 0, 'W': 0, 'X': 0}",2024-03-19 17:01:00,2024-03-20 11:08:00,On Time
INV-ZZ-5796439,SCH-ZZ-3126325,4211,ATR 72,GOI,DEL,72,83,55,-17,28,7,14,21,28,8,5,2,3,"{'F': 2, 'P': 1}",16,11,3,5,"{'C': 3, 'J': 1, 'Z': 1}",24,16,5,8,33,22,6,11,"{'Q': 0, 'R': 6, 'S': 0, 'T': 2, 'H': 0, 'M': 0}","{'Y': 9, 'A': 0, 'B': 2, 'D': 0, 'E': 0, 'G': 0, 'I': 0, 'K': 0, 'L': 0, 'N': 0, 'O': 0, 'U': 0, 'V': 0, 'W': 0, 'X': 0}",2024-03-21 17:01:00,2024-03-22 11:08:00,On Time
INV-ZZ-5061816,SCH-ZZ-3126325,4211,ATR 72,GOI,DEL,72,82,50,-22,32,7,14,21,28,8,5,2,3,"{'F': 0, 'P': 3}",16,10,4,6,"{'C': 2, 'J': 0, 'Z': 4}",23,14,7,9,32,20,8,12,"{'Q': 4, 'R': 3, 'S': 2, 'T': 0, 'H': 0, 'M': 0}","{'Y': 5, 'A': 1, 'B': 0, 'D': 3, 'E': 0, 'G': 2, 'I': 0, 'K': 0, 'L': 0, 'N': 1, 'O': 0, 'U': 0, 'V': 0, 'W': 0, 'X': 0}",2024-03-22 17:01:00,2024-03-23 11:08:00,On Time
INV-ZZ-8631272,SCH-ZZ-3126325,4211,ATR 72,GOI,DEL,72,82,53,-19,29,7,14,21,28,8,5,2,3,"{'F': 0, 'P': 3}",17,11,3,6,"{'C': 0, 'J': 3, 'Z': 3}",24,15,6,9,31,20,8,11,"{'Q': 4, 'R': 4, 'S': 1, 'T': 0, 'H': 0, 'M': 0}","{'Y': 10, 'A': 0, 'B': 0, 'D': 0, 'E': 1, 'G': 0, 'I': 0, 'K': 0, 'L': 0, 'N': 0, 'O': 0, 'U': 0, 'V': 0, 'W': 0, 'X': 0}",2024-03-23 17:01:00,2024-03-24 11:08:00,On Time
INV-ZZ-6313500,SCH-ZZ-3126325,4211,ATR 72,GOI,DEL,72,83,50,-22,33,7,14,21,28,8,5,2,3,"{'F': 2, 'P': 1}",16,10,4,6,"{'C': 5, 'J': 1, 'Z': 0}",24,15,6,9,31,19,9,12,"{'Q': 4, 'R': 0, 'S': 1, 'T': 0, 'H': 3, 'M': 1}","{'Y': 2, 'A': 7, 'B': 0, 'D': 2, 'E': 1, 'G': 0, 'I': 0, 'K': 0, 'L': 0, 'N': 0, 'O': 0, 'U': 0, 'V': 0, 'W': 0, 'X': 0}",2024-03-24 17:01:00,2024-03-25 11:08:00,On Time
INV-ZZ-1065113,SCH-ZZ-3126325,4211,ATR 72,GOI,DEL,72,84,49,-23,35,7,14,21,28,8,5,2,3,"{'F': 2, 'P': 1}",16,9,5,7,"{'C': 6, 'J': 1, 'Z': 0}",25,15,6,10,32,19,9,13,"{'Q': 1, 'R': 3, 'S': 4, 'T': 0, 'H': 1, 'M': 1}","{'Y': 5, 'A': 4, 'B': 3, 'D': 1, 'E': 0, 'G': 0, 'I': 0, 'K': 0, 'L': 0, 'N': 0, 'O': 0, 'U': 0, 'V': 0, 'W': 0, 'X': 0}",2024-03-26 17:01:00,2024-03-27 11:08:00,On Time
INV-ZZ-4936604,SCH-ZZ-3126325,4211,ATR 72,GOI,DEL,72,82,51,-21,31,7,14,21,28,8,5,2,3,"{'F': 3, 'P': 0}",16,10,4,6,"{'C': 6, 'J': 0, 'Z': 0}",25,15,6,10,32,20,8,12,"{'Q': 5, 'R': 3, 'S': 0, 'T': 1, 'H': 1, 'M': 0}","{'Y': 3, 'A': 4, 'B': 0, 'D': 1, 'E': 3, 'G': 1, 'I': 0, 'K': 0, 'L': 0, 'N': 0, 'O': 0, 'U': 0, 'V': 0, 'W': 0, 'X': 0}",2024-03-28 17:01:00,2024-03-29 11:08:00,On Time
INV-ZZ-6412897,SCH-ZZ-3126325,4211,ATR 72,GOI,DEL,72,81,50,-22,31,7,14,21,28,8,5,2,3,"{'F': 2, 'P': 1}",16,10,4,6,"{'C': 6, 'J': 0, 'Z': 0}",23,14,7,9,31,19,9,12,"{'Q': 6, 'R': 3, 'S': 0, 'T': 0, 'H': 0, 'M': 0}","{'Y': 9, 'A': 1, 'B': 1, 'D': 1, 'E': 0, 'G': 0, 'I': 0, 'K': 0, 'L': 0, 'N': 0, 'O': 0, 'U': 0, 'V': 0, 'W': 0, 'X': 0}",2024-03-29 17:01:00,2024-03-30 11:08:00,On Time
INV-ZZ-1258255,SCH-ZZ-3126325,4211,ATR 72,GOI,DEL,72,81,47,-25,34,7,14,21,28,8,5,2,3,"{'F': 2, 'P': 1}",17,10,4,7,"{'C': 4, 'J': 0, 'Z': 3}",24,14,7,10,31,18,10,13,"{'Q': 3, 'R': 1, 'S': 2, 'T': 1, 'H': 2, 'M': 1}","{'Y': 8, 'A': 5, 'B': 0, 'D': 0, 'E': 0, 'G': 0, 'I': 0, 'K': 0, 'L': 0, 'N': 0, 'O': 0, 'U': 0, 'V': 0, 'W': 0, 'X': 0}",2024-03-30 17:01:00,2024-03-31 11:08:00,On Time
INV-ZZ-1006505,SCH-ZZ-3126325,4211,ATR 72,GOI,DEL,72,81,48,-24,33,7,14,21,28,8,5,2,3,"{'F': 0, 'P': 3}",16,9,5,7,"{'C': 7, 'J': 0, 'Z': 0}",24,14,7,10,33,19,9,14,"{'Q': 1, 'R': 4, 'S': 4, 'T': 1, 'H': 0, 'M': 0}","{'Y': 8, 'A': 5, 'B': 1, 'D': 0, 'E': 0, 'G': 0, 'I': 0, 'K': 0, 'L': 0, 'N': 0, 'O': 0, 'U': 0, 'V': 0, 'W': 0, 'X': 0}",2024-03-31 17:01:00,2024-04-01 11:08:00,On Time
INV-ZZ-3177543,SCH-ZZ-3126325,4211,ATR 72,GOI,DEL,72,85,51,-21,34,7,14,21,28,8,5,2,3,"{'F': 0, 'P': 3}",15,9,5,6,"{'C': 0, 'J': 1, 'Z': 5}",23,14,7,9,33,20,8,13,"{'Q': 7, 'R': 0, 'S': 2, 'T': 0, 'H': 0, 'M': 0}","{'Y': 8, 'A': 3, 'B': 2, 'D': 0, 'E': 0, 'G': 0, 'I': 0, 'K': 0, 'L': 0, 'N': 0, 'O': 0, 'U': 0, 'V': 0, 'W': 0, 'X': 0}",2024-04-02 17:01:00,2024-04-03 11:08:00,On Time
INV-ZZ-9173881,SCH-ZZ-3126325,4211,ATR 72,GOI,DEL,72,79,44,-28,35,7,14,21,28,8,4,3,4,"{'F': 2, 'P': 2}",16,9,5,7,"{'C': 7, 'J': 0, 'Z': 0}",24,13,8,11,32,18,10,14,"{'Q': 3, 'R': 7, 'S': 0, 'T': 0, 'H': 0, 'M': 1}","{'Y': 13, 'A': 1, 'B': 0, 'D': 0, 'E': 0, 'G': 0, 'I': 0, 'K': 0, 'L': 0, 'N': 0, 'O': 0, 'U': 0, 'V': 0, 'W': 0, 'X': 0}",2024-04-04 17:01:00,2024-04-05 11:08:00,On Time
INV-ZZ-1430969,SCH-ZZ-3126325,4211,ATR 72,GOI,DEL,72,79,50,-22,29,7,14,21,28,8,5,2,3,"{'F': 3, 'P': 0}",17,11,3,6,"{'C': 0, 'J': 5, 'Z': 1}",24,15,6,9,32,20,8,12,"{'Q': 3, 'R': 0, 'S': 3, 'T': 2, 'H': 0, 'M': 1}","{'Y': 9, 'A': 2, 'B': 0, 'D': 1, 'E': 0, 'G': 0, 'I': 0, 'K': 0, 'L': 0, 'N': 0, 'O': 0, 'U': 0, 'V': 0, 'W': 0, 'X': 0}",2024-04-05 17:01:00,2024-04-06 11:08:00,On Time
INV-ZZ-2923541,SCH-ZZ-3126325,4211,ATR 72,GOI,DEL,72,85,51,-21,34,7,14,21,28,8,5,2,3,"{'F': 0, 'P': 3}",17,10,4,7,"{'C': 6, 'J': 1, 'Z': 0}",25,15,6,10,32,19,9,13,"{'Q': 6, 'R': 2, 'S': 2, 'T': 0, 'H': 0, 'M': 0}","{'Y': 3, 'A': 5, 'B': 1, 'D': 1, 'E': 1, 'G': 0, 'I': 1, 'K': 0, 'L': 0, 'N': 1, 'O': 0, 'U': 0, 'V': 0, 'W': 0, 'X': 0}",2024-04-06 17:01:00,2024-04-07 11:08:00,On Time
INV-ZZ-6062448,SCH-ZZ-3126325,4211,ATR 72,GOI,DEL,72,81,48,-24,33,7,14,21,28,8,5,2,3,"{'F': 0, 'P': 3}",16,9,5,7,"{'C': 3, 'J': 0, 'Z': 4}",25,15,6,10,34,20,8,14,"{'Q': 9, 'R': 1, 'S': 0, 'T': 0, 'H': 0, 'M': 0}","{'Y': 13, 'A': 1, 'B': 0, 'D': 0, 'E': 0, 'G': 0, 'I': 0, 'K': 0, 'L': 0, 'N': 0, 'O': 0, 'U': 0, 'V': 0, 'W': 0, 'X': 0}",2024-04-07 17:01:00,2024-04-08 11:08:00,On Time
INV-ZZ-5149150,SCH-ZZ-3126325,4211,ATR 72,GOI,DEL,72,79,44,-28,34,7,14,21,28,8,5,2,3,"{'F': 0, 'P': 3}",16,9,5,7,"{'C': 0, 'J': 3, 'Z': 4}",23,13,8,10,33,19,9,14,"{'Q': 9, 'R': 1, 'S': 0, 'T': 0, 'H': 0, 'M': 0}","{'Y': 8, 'A': 5, 'B': 0, 'D': 0, 'E': 0, 'G': 0, 'I': 1, 'K': 0, 'L': 0, 'N': 0, 'O': 0, 'U': 0, 'V': 0, 'W': 0, 'X': 0}",2024-04-09 17:01:00,2024-04-10 11:08:00,On Time
INV-ZZ-8734832,SCH-ZZ-3126325,4211,ATR 72,GOI,DEL,72,81,50,-22,31,7,14,21,28,8,5,2,3,"{'F': 0, 'P': 3}",17,10,4,7,"{'C': 1, 'J': 5, 'Z': 1}",23,14,7,9,31,19,9,12,"{'Q': 4, 'R': 3, 'S': 2, 'T': 0, 'H': 0, 'M': 0}","{'Y': 8, 'A': 0, 'B': 4, 'D': 0, 'E': 0, 'G': 0, 'I': 0, 'K': 0, 'L': 0, 'N': 0, 'O': 0, 'U': 0, 'V': 0, 'W': 0, 'X': 0}",2024-04-11 17:01:00,2024-04-12 11:08:00,On Time
INV-ZZ-6578543,SCH-ZZ-3126325,4211,ATR 72,GOI,DEL,72,82,50,-22,32,7,14,21,28,8,5,2,3,"{'F': 2, 'P': 1}",17,10,4,7,"{'C': 7, 'J': 0, 'Z': 0}",24,15,6,9,31,19,9,12,"{'Q': 0, 'R': 9, 'S': 0, 'T': 0, 'H': 0, 'M': 0}","{'Y': 8, 'A': 1, 'B': 1, 'D': 0, 'E': 0, 'G': 0, 'I': 1, 'K': 0, 'L': 1, 'N': 0, 'O': 0, 'U': 0, 'V': 0, 'W': 0, 'X': 0}",2024-04-12 17:01:00,2024-04-13 11:08:00,On Time
INV-ZZ-7204232,SCH-ZZ-3126325,4211,ATR 72,GOI,DEL,72,80,49,-23,31,7,14,21,28,8,5,2,3,"{'F': 1, 'P': 2}",16,10,4,6,"{'C': 6, 'J': 0, 'Z': 0}",24,15,6,9,31,19,9,12,"{'Q': 4, 'R': 4, 'S': 1, 'T': 0, 'H': 0, 'M': 0}","{'Y': 8, 'A': 2, 'B': 2, 'D': 0, 'E': 0, 'G': 0, 'I': 0, 'K': 0, 'L': 0, 'N': 0, 'O': 0, 'U': 0, 'V': 0, 'W': 0, 'X': 0}",2024-04-13 17:01:00,2024-04-14 11:08:00,On Time
INV-ZZ-7659319,SCH-ZZ-3126325,4211,ATR 72,GOI,DEL,72,80,49,-23,31,7,14,21,28,8,5,2,3,"{'F': 2, 'P': 1}",16,10,4,6,"{'C': 3, 'J': 0, 'Z': 3}",23,14,7,9,33,20,8,13,"{'Q': 8, 'R': 0, 'S': 1, 'T': 0, 'H': 0, 'M': 0}","{'Y': 8, 'A': 1, 'B': 4, 'D': 0, 'E': 0, 'G': 0, 'I': 0, 'K': 0, 'L': 0, 'N': 0, 'O': 0, 'U': 0, 'V': 0, 'W': 0, 'X': 0}",2024-04-14 17:01:00,2024-04-15 11:08:00,On Time
INV-ZZ-9844104,SCH-ZZ-3126325,4211,ATR 72,GOI,DEL,72,84,51,-21,33,7,14,21,28,8,5,2,3,"{'F': 1, 'P': 2}",16,10,4,6,"{'C': 6, 'J': 0, 'Z': 0}",24,14,7,10,32,19,9,13,"{'Q': 6, 'R': 2, 'S': 1, 'T': 0, 'H': 1, 'M': 0}","{'Y': 10, 'A': 2, 'B': 1, 'D': 0, 'E': 0, 'G': 0, 'I': 0, 'K': 0, 'L': 0, 'N': 0, 'O': 0, 'U': 0, 'V': 0, 'W': 0, 'X': 0}",2024-04-16 17:01:00,2024-04-17 11:08:00,On Time
INV-ZZ-5378980,SCH-ZZ-3126325,4211,ATR 72,GOI,DEL,72,84,44,-28,40,7,14,21,28,8,4,3,4,"{'F': 3, 'P': 1}",16,8,6,8,"{'C': 2, 'J': 1, 'Z': 5}",24,12,9,12,33,17,11,16,"{'Q': 5, 'R': 7, 'S': 0, 'T': 0, 'H': 0, 'M': 0}","{'Y': 1, 'A': 8, 'B': 5, 'D': 2, 'E': 0, 'G': 0, 'I': 0, 'K': 0, 'L': 0, 'N': 0, 'O': 0, 'U': 0, 'V': 0, 'W': 0, 'X': 0}",2024-04-18 17:01:00,2024-04-19 11:08:00,On Time
INV-ZZ-7757700,SCH-ZZ-3126325,4211,ATR 72,GOI,DEL,72,83,48,-24,35,7,14,21,28,8,5,2,3,"{'F': 1, 'P': 2}",16,9,5,7,"{'C': 3, 'J': 1, 'Z': 3}",25,15,6,10,32,19,9,13,"{'Q': 9, 'R': 1, 'S': 0, 'T': 0, 'H': 0, 'M': 0}","{'Y': 12, 'A': 1, 'B': 0, 'D': 0, 'E': 0, 'G': 0, 'I': 0, 'K': 0, 'L': 0, 'N': 0, 'O': 0, 'U': 0, 'V': 0, 'W': 0, 'X': 0}",2024-04-19 17:01:00,2024-04-20 11:08:00,On Time
INV-ZZ-9007116,SCH-ZZ-3126325,4211,ATR 72,GOI,DEL,72,85,45,-27,40,7,14,21,28,8,4,3,4,"{'F': 2, 'P': 2}",17,9,5,8,"{'C': 2, 'J': 6, 'Z': 0}",23,12,9,11,33,17,11,16,"{'Q': 6, 'R': 1, 'S': 2, 'T': 2, 'H': 0, 'M': 0}","{'Y': 12, 'A': 4, 'B': 0, 'D': 0, 'E': 0, 'G': 0, 'I': 0, 'K': 0, 'L': 0, 'N': 0, 'O': 0, 'U': 0, 'V': 0, 'W': 0, 'X': 0}",2024-04-20 17:01:00,2024-04-21 11:08:00,On Time
INV-ZZ-3750058,SCH-ZZ-3126325,4211,ATR 72,GOI,DEL,72,82,45,-27,37,7,14,21,28,8,4,3,4,"{'F': 2, 'P': 2}",16,9,5,7,"{'C': 0, 'J': 0, 'Z': 7}",25,14,7,11,31,17,11,14,"{'Q': 6, 'R': 0, 'S': 4, 'T': 1, 'H': 0, 'M': 0}","{'Y': 7, 'A': 2, 'B': 5, 'D': 0, 'E': 0, 'G': 0, 'I': 0, 'K': 0, 'L': 0, 'N': 0, 'O': 0, 'U': 0, 'V': 0, 'W': 0, 'X': 0}",2024-04-21 17:01:00,2024-04-22 11:08:00,On Time
INV-ZZ-1584908,SCH-ZZ-3126325,4211,ATR 72,GOI,DEL,72,84,46,-26,38,7,14,21,28,8,4,3,4,"{'F': 2, 'P': 2}",16,9,5,7,"{'C': 4, 'J': 2, 'Z': 1}",25,14,7,11,33,18,10,15,"{'Q': 6, 'R': 5, 'S': 0, 'T': 0, 'H': 0, 'M': 0}","{'Y': 7, 'A': 6, 'B': 1, 'D': 0, 'E': 1, 'G': 0, 'I': 0, 'K': 0, 'L': 0, 'N': 0, 'O': 0, 'U': 0, 'V': 0, 'W': 0, 'X': 0}",2024-04-23 17:01:00,2024-04-24 11:08:00,On Time
INV-ZZ-5046388,SCH-ZZ-3126325,4211,ATR 72,GOI,DEL,72,79,43,-29,36,7,14,21,28,8,4,3,4,"{'F': 0, 'P': 4}",16,9,5,7,"{'C': 7, 'J': 0, 'Z': 0}",25,14,7,11,32,17,11,15,"{'Q': 2, 'R': 9, 'S': 0, 'T': 0, 'H': 0, 'M': 0}","{'Y': 6, 'A': 4, 'B': 4, 'D': 1, 'E': 0, 'G': 0, 'I': 0, 'K': 0, 'L': 0, 'N': 0, 'O': 0, 'U': 0, 'V': 0, 'W': 0, 'X': 0}",2024-04-25 17:01:00,2024-04-26 11:08:00,On Time
INV-ZZ-9672173,SCH-ZZ-3126325,4211,ATR 72,GOI,DEL,72,84,45,-27,39,7,14,21,28,8,4,3,4,"{'F': 0, 'P': 4}",16,9,5,7,"{'C': 5, 'J': 0, 'Z': 2}",25,13,8,12,32,17,11,15,"{'Q': 6, 'R': 6, 'S': 0, 'T': 0, 'H': 0, 'M': 0}","{'Y': 6, 'A': 2, 'B': 2, 'D': 5, 'E': 0, 'G': 0, 'I': 0, 'K': 0, 'L': 0, 'N': 0, 'O': 0, 'U': 0, 'V': 0, 'W': 0, 'X': 0}",2024-04-26 17:01:00,2024-04-27 11:08:00,On Time
INV-ZZ-5158987,SCH-ZZ-3126325,4211,ATR 72,GOI,DEL,72,82,41,-31,41,7,14,21,28,8,4,3,4,"{'F': 2, 'P': 2}",16,8,6,8,"{'C': 4, 'J': 2, 'Z': 2}",25,13,8,12,33,17,11,16,"{'Q': 11, 'R': 0, 'S': 1, 'T': 0, 'H': 0, 'M': 0}","{'Y': 2, 'A': 9, 'B': 5, 'D': 0, 'E': 0, 'G': 0, 'I': 0, 'K': 0, 'L': 0, 'N': 0, 'O': 0, 'U': 0, 'V': 0, 'W': 0, 'X': 0}",2024-04-27 17:01:00,2024-04-28 11:08:00,On Time
INV-ZZ-1958635,SCH-ZZ-3126325,4211,ATR 72,GOI,DEL,72,82,43,-29,39,7,14,21,28,8,4,3,4,"{'F': 4, 'P': 0}",16,8,6,8,"{'C': 0, 'J': 8, 'Z': 0}",24,13,8,11,33,17,11,16,"{'Q': 0, 'R': 3, 'S': 8, 'T': 0, 'H': 0, 'M': 0}","{'Y': 13, 'A': 3, 'B': 0, 'D': 0, 'E': 0, 'G': 0, 'I': 0, 'K': 0, 'L': 0, 'N': 0, 'O': 0, 'U': 0, 'V': 0, 'W': 0, 'X': 0}",2024-04-28 17:01:00,2024-04-29 11:08:00,On Time
INV-ZZ-1258669,SCH-ZZ-3126325,4211,ATR 72,GOI,DEL,72,80,46,-26,34,7,14,21,28,8,5,2,3,"{'F': 3, 'P': 0}",16,9,5,7,"{'C': 2, 'J': 1, 'Z': 4}",24,14,7,10,32,18,10,14,"{'Q': 1, 'R': 3, 'S': 3, 'T': 3, 'H': 0, 'M': 0}","{'Y': 4, 'A': 9, 'B': 0, 'D': 1, 'E': 0, 'G': 0, 'I': 0, 'K': 0, 'L': 0, 'N': 0, 'O': 0, 'U': 0, 'V': 0, 'W': 0, 'X': 0}",2024-04-30 17:01:00,2024-05-01 11:08:00,On Time
INV-ZZ-9788403,SCH-ZZ-3126325,4211,ATR 72,GOI,DEL,72,84,45,-27,39,7,14,21,28,8,4,3,4,"{'F': 4, 'P': 0}",16,9,5,7,"{'C': 1, 'J': 3, 'Z': 3}",24,13,8,11,31,17,11,14,"{'Q': 9, 'R': 2, 'S': 0, 'T': 0, 'H': 0, 'M': 0}","{'Y': 13, 'A': 1, 'B': 0, 'D': 0, 'E': 0, 'G': 0, 'I': 0, 'K': 0, 'L': 0, 'N': 0, 'O': 0, 'U': 0, 'V': 0, 'W': 0, 'X': 0}",2024-05-02 17:01:00,2024-05-03 11:08:00,On Time
INV-ZZ-9110430,SCH-ZZ-3126325,4211,ATR 72,GOI,DEL,72,83,46,-26,37,7,14,21,28,8,4,3,4,"{'F': 3, 'P': 1}",16,9,5,7,"{'C': 0, 'J': 2, 'Z': 5}",25,14,7,11,31,17,11,14,"{'Q': 7, 'R': 2, 'S': 1, 'T': 0, 'H': 1, 'M': 0}","{'Y': 7, 'A': 7, 'B': 0, 'D': 0, 'E': 0, 'G': 0, 'I': 0, 'K': 0, 'L': 0, 'N': 0, 'O': 0, 'U': 0, 'V': 0, 'W': 0, 'X': 0}",2024-05-03 17:01:00,2024-05-04 11:08:00,On Time
INV-ZZ-8624303,SCH-ZZ-4285322,4204,Boeing 787,HYD,DEL,270,312,216,-54,96,27,54,81,108,32,22,5,10,"{'F': 3, 'P': 7}",60,42,12,18,"{'C': 1, 'J': 3, 'Z': 14}",91,63,18,28,120,83,25,37,"{'Q': 24, 'R': 1, 'S': 3, 'T': 0, 'H': 0, 'M': 0}","{'Y': 9, 'A': 10, 'B': 3, 'D': 13, 'E': 2, 'G': 0, 'I': 0, 'K': 0, 'L': 0, 'N': 0, 'O': 0, 'U': 0, 'V': 0, 'W': 0, 'X': 0}",2024-03-06 12:05:00,2024-03-06 21:12:00,On Time
INV-ZZ-2487839,SCH-ZZ-4285322,4204,Boeing 787,HYD,DEL,270,321,230,-40,91,27,54,81,108,31,22,5,9,"{'F': 1, 'P': 8}",63,45,9,18,"{'C': 3, 'J': 7, 'Z': 8}",92,66,15,26,127,91,17,36,"{'Q': 22, 'R': 0, 'S': 0, 'T': 3, 'H': 1, 'M': 0}","{'Y': 18, 'A': 12, 'B': 0, 'D': 3, 'E': 0, 'G': 1, 'I': 2, 'K': 0, 'L': 0, 'N': 0, 'O': 0, 'U': 0, 'V': 0, 'W': 0, 'X': 0}",2024-03-07 12:05:00,2024-03-07 21:12:00,On Time
INV-ZZ-7697307,SCH-ZZ-4285322,4204,Boeing 787,HYD,DEL,270,317,227,-43,90,27,54,81,108,30,22,5,8,"{'F': 5, 'P': 3}",61,44,10,17,"{'C': 11, 'J': 0, 'Z': 6}",97,70,11,27,119,85,23,34,"{'Q': 17, 'R': 4, 'S': 5, 'T': 0, 'H': 0, 'M': 1}","{'Y': 16, 'A': 3, 'B': 5, 'D': 3, 'E': 2, 'G': 1, 'I': 4, 'K': 0, 'L': 0, 'N': 0, 'O': 0, 'U': 0, 'V': 0, 'W': 0, 'X': 0}",2024-03-08 12:05:00,2024-03-08 21:12:00,On Time
INV-ZZ-2155500,SCH-ZZ-4285322,4204,Boeing 787,HYD,DEL,270,309,212,-58,97,27,54,81,108,30,21,6,9,"{'F': 0, 'P': 9}",62,42,12,20,"{'C': 8, 'J': 10, 'Z': 2}",96,66,15,30,124,85,23,39,"{'Q': 3, 'R': 15, 'S': 12, 'T': 0, 'H': 0, 'M': 0}","{'Y': 11, 'A': 27, 'B': 0, 'D': 0, 'E': 0, 'G': 0, 'I': 0, 'K': 0, 'L': 0, 'N': 1, 'O': 0, 'U': 0, 'V': 0, 'W': 0, 'X': 0}",2024-03-09 12:05:00,2024-03-09 21:12:00,On Time
INV-ZZ-4642525,SCH-ZZ-4285322,4204,Boeing 787,HYD,DEL,270,322,218,-52,104,27,54,81,108,32,22,5,10,"{'F': 9, 'P': 1}",62,42,12,20,"{'C': 13, 'J': 6, 'Z': 1}",96,65,16,31,120,81,27,39,"{'Q': 23, 'R': 8, 'S': 0, 'T': 0, 'H': 0, 'M': 0}","{'Y': 1, 'A': 0, 'B': 38, 'D': 0, 'E': 0, 'G': 0, 'I': 0, 'K': 0, 'L': 0, 'N': 0, 'O': 0, 'U': 0, 'V': 0, 'W': 0, 'X': 0}",2024-03-10 12:05:00,2024-03-10 21:12:00,On Time
INV-ZZ-1157082,SCH-ZZ-4285322,4204,Boeing 787,HYD,DEL,270,307,186,-84,121,27,54,81,108,32,19,8,13,"{'F': 11, 'P': 2}",60,36,18,24,"{'C': 6, 'J': 2, 'Z': 16}",91,55,26,36,120,73,35,47,"{'Q': 26, 'R': 2, 'S': 3, 'T': 5, 'H': 0, 'M': 0}","{'Y': 18, 'A': 8, 'B': 9, 'D': 9, 'E': 3, 'G': 0, 'I': 0, 'K': 0, 'L': 0, 'N': 0, 'O': 0, 'U': 0, 'V': 0, 'W': 0, 'X': 0}",2024-03-13 12:05:00,2024-03-13 21:12:00,On Time
INV-ZZ-9328468,SCH-ZZ-4285322,4204,Boeing 787,HYD,DEL,270,310,209,-61,101,27,54,81,108,32,22,5,10,"{'F': 8, 'P': 2}",64,43,11,21,"{'C': 10, 'J': 0, 'Z': 11}",95,64,17,31,126,85,23,41,"{'Q': 13, 'R': 0, 'S': 8, 'T': 2, 'H': 5, 'M': 3}","{'Y': 11, 'A': 20, 'B': 10, 'D': 0, 'E': 0, 'G': 0, 'I': 0, 'K': 0, 'L': 0, 'N': 0, 'O': 0, 'U': 0, 'V': 0, 'W': 0, 'X': 0}",2024-03-14 12:05:00,2024-03-14 21:12:00,On Time
INV-ZZ-9664418,SCH-ZZ-4285322,4204,Boeing 787,HYD,DEL,270,305,209,-61,96,27,54,81,108,32,22,5,10,"{'F': 1, 'P': 9}",62,43,11,19,"{'C': 18, 'J': 1, 'Z': 0}",93,64,17,29,127,87,21,40,"{'Q': 16, 'R': 13, 'S': 0, 'T': 0, 'H': 0, 'M': 0}","{'Y': 26, 'A': 12, 'B': 2, 'D': 0, 'E': 0, 'G': 0, 'I': 0, 'K': 0, 'L': 0, 'N': 0, 'O': 0, 'U': 0, 'V': 0, 'W': 0, 'X': 0}",2024-03-15 12:05:00,2024-03-15 21:12:00,On Time
INV-ZZ-8541223,SCH-ZZ-4285322,4204,Boeing 787,HYD,DEL,270,312,192,-78,120,27,54,81,108,30,18,9,12,"{'F': 12, 'P': 0}",60,37,17,23,"{'C': 3, 'J': 13, 'Z': 7}",96,59,22,37,119,73,35,46,"{'Q': 37, 'R': 0, 'S': 0, 'T': 0, 'H': 0, 'M': 0}","{'Y': 39, 'A': 5, 'B': 2, 'D': 0, 'E': 0, 'G': 0, 'I': 0, 'K': 0, 'L': 0, 'N': 0, 'O': 0, 'U': 0, 'V': 0, 'W': 0, 'X': 0}",2024-03-16 12:05:00,2024-03-16 21:12:00,On Time
INV-ZZ-3376806,SCH-ZZ-4285322,4204,Boeing 787,HYD,DEL,270,300,178,-92,122,27,54,81,108,32,19,8,13,"{'F': 8, 'P': 5}",61,36,18,25,"{'C': 5, 'J': 9, 'Z': 11}",92,54,27,38,122,72,36,50,"{'Q': 25, 'R': 5, 'S': 2, 'T': 0, 'H': 2, 'M': 4}","{'Y': 1, 'A': 46, 'B': 2, 'D': 1, 'E': 0, 'G': 0, 'I': 0, 'K': 0, 'L': 0, 'N': 0, 'O': 0, 'U': 0, 'V': 0, 'W': 0, 'X': 0}",2024-03-17 12:05:00,2024-03-17 21:12:00,On Time
INV-ZZ-3376475,SCH-ZZ-4285322,4204,Boeing 787,HYD,DEL,270,319,196,-74,123,27,54,81,108,31,19,8,12,"{'F': 12, 'P': 0}",60,37,17,23,"{'C': 15, 'J': 1, 'Z': 7}",89,55,26,34,120,74,34,46,"{'Q': 14, 'R': 0, 'S': 9, 'T': 2, 'H': 8, 'M': 1}","{'Y': 25, 'A': 16, 'B': 1, 'D': 0, 'E': 2, 'G': 1, 'I': 1, 'K': 0, 'L': 0, 'N': 0, 'O': 0, 'U': 0, 'V': 0, 'W': 0, 'X': 0}",2024-03-20 12:05:00,2024-03-20 21:12:00,On Time
INV-ZZ-3681606,SCH-ZZ-4285322,4204,Boeing 787,HYD,DEL,270,305,192,-78,113,27,54,81,108,31,20,7,11,"{'F': 2, 'P': 9}",61,38,16,23,"{'C': 14, 'J': 7, 'Z': 2}",96,61,20,35,128,81,27,47,"{'Q': 12, 'R': 23, 'S': 0, 'T': 0, 'H': 0, 'M': 0}","{'Y': 3, 'A': 0, 'B': 38, 'D': 3, 'E': 3, 'G': 0, 'I': 0, 'K': 0, 'L': 0, 'N': 0, 'O': 0, 'U': 0, 'V': 0, 'W': 0, 'X': 0}",2024-03-21 12:05:00,2024-03-21 21:12:00,On Time
INV-ZZ-7335906,SCH-ZZ-4285322,4204,Boeing 787,HYD,DEL,270,322,209,-61,113,27,54,81,108,31,20,7,11,"{'F': 6, 'P': 5}",63,41,13,22,"{'C': 2, 'J': 19, 'Z': 1}",92,60,21,32,126,82,26,44,"{'Q': 24, 'R': 3, 'S': 4, 'T': 0, 'H': 1, 'M': 0}","{'Y': 6, 'A': 25, 'B': 2, 'D': 8, 'E': 2, 'G': 1, 'I': 0, 'K': 0, 'L': 0, 'N': 0, 'O': 0, 'U': 0, 'V': 0, 'W': 0, 'X': 0}",2024-03-22 12:05:00,2024-03-22 21:12:00,On Time
INV-ZZ-5836710,SCH-ZZ-4285322,4204,Boeing 787,HYD,DEL,270,321,192,-78,129,27,54,81,108,31,19,8,12,"{'F': 7, 'P': 5}",64,38,16,26,"{'C': 5, 'J': 0, 'Z': 21}",97,58,23,39,127,76,32,51,"{'Q': 17, 'R': 10, 'S': 10, 'T': 1, 'H': 0, 'M': 1}","{'Y': 0, 'A': 13, 'B': 38, 'D': 0, 'E': 0, 'G': 0, 'I': 0, 'K': 0, 'L': 0, 'N': 0, 'O': 0, 'U': 0, 'V': 0, 'W': 0, 'X': 0}",2024-03-23 12:05:00,2024-03-23 21:12:00,On Time
INV-ZZ-2430827,SCH-ZZ-4285322,4204,Boeing 787,HYD,DEL,270,316,185,-85,131,27,54,81,108,32,19,8,13,"{'F': 13, 'P': 0}",61,36,18,25,"{'C': 18, 'J': 6, 'Z': 1}",93,55,26,38,129,76,32,53,"{'Q': 38, 'R': 0, 'S': 0, 'T': 0, 'H': 0, 'M': 0}","{'Y': 36, 'A': 0, 'B': 16, 'D': 1, 'E': 0, 'G': 0, 'I': 0, 'K': 0, 'L': 0, 'N': 0, 'O': 0, 'U': 0, 'V': 0, 'W': 0, 'X': 0}",2024-03-24 12:05:00,2024-03-24 21:12:00,On Time
INV-ZZ-8710804,SCH-ZZ-4285322,4204,Boeing 787,HYD,DEL,270,313,187,-83,126,27,54,81,108,30,18,9,12,"{'F': 2, 'P': 10}",65,39,15,26,"{'C': 1, 'J': 9, 'Z': 16}",94,56,25,38,121,72,36,49,"{'Q': 24, 'R': 7, 'S': 1, 'T': 5, 'H': 0, 'M': 1}","{'Y': 0, 'A': 6, 'B': 36, 'D': 0, 'E': 1, 'G': 0, 'I': 1, 'K': 3, 'L': 0, 'N': 0, 'O': 0, 'U': 0, 'V': 1, 'W': 0, 'X': 1}",2024-03-27 12:05:00,2024-03-27 21:12:00,On Time
INV-ZZ-2689731,SCH-ZZ-4285322,4204,Boeing 787,HYD,DEL,270,300,199,-71,101,27,54,81,108,31,21,6,10,"{'F': 10, 'P': 0}",64,42,12,22,"{'C': 11, 'J': 11, 'Z': 0}",93,62,19,31,127,84,24,43,"{'Q': 9, 'R': 20, 'S': 1, 'T': 0, 'H': 1, 'M': 0}","{'Y': 37, 'A': 5, 'B': 0, 'D': 1, 'E': 0, 'G': 0, 'I': 0, 'K': 0, 'L': 0, 'N': 0, 'O': 0, 'U': 0, 'V': 0, 'W': 0, 'X': 0}",2024-03-28 12:05:00,2024-03-28 21:12:00,On Time
INV-ZZ-3037082,SCH-ZZ-4285322,4204,Boeing 787,HYD,DEL,270,298,197,-73,101,27,54,81,108,32,21,6,11,"{'F': 8, 'P': 3}",63,42,12,21,"{'C': 21, 'J': 0, 'Z': 0}",95,63,18,32,129,85,23,44,"{'Q': 19, 'R': 8, 'S': 1, 'T': 1, 'H': 1, 'M': 2}","{'Y': 30, 'A': 2, 'B': 8, 'D': 2, 'E': 1, 'G': 1, 'I': 0, 'K': 0, 'L': 0, 'N': 0, 'O': 0, 'U': 0, 'V': 0, 'W': 0, 'X': 0}",2024-03-29 12:05:00,2024-03-29 21:12:00,On Time
INV-ZZ-8761059,SCH-ZZ-4285322,4204,Boeing 787,HYD,DEL,270,303,172,-98,131,27,54,81,108,31,18,9,13,"{'F': 13, 'P': 0}",61,35,19,26,"{'C': 14, 'J': 1, 'Z': 11}",96,54,27,42,119,67,41,52,"{'Q': 22, 'R': 18, 'S': 1, 'T': 0, 'H': 1, 'M': 0}","{'Y': 16, 'A': 1, 'B': 19, 'D': 14, 'E': 2, 'G': 0, 'I': 0, 'K': 0, 'L': 0, 'N': 0, 'O': 0, 'U': 0, 'V': 0, 'W': 0, 'X': 0}",2024-03-30 12:05:00,2024-03-30 21:12:00,On Time
INV-ZZ-4314879,SCH-ZZ-4285322,4204,Boeing 787,HYD,DEL,270,310,203,-67,107,27,54,81,108,31,20,7,11,"{'F': 2, 'P': 9}",61,40,14,21,"{'C': 7, 'J': 9, 'Z': 5}",93,61,20,32,127,83,25,44,"{'Q': 25, 'R': 1, 'S': 2, 'T': 1, 'H': 1, 'M': 2}","{'Y': 28, 'A': 6, 'B': 10, 'D': 0, 'E': 0, 'G': 0, 'I': 0, 'K': 0, 'L': 0, 'N': 0, 'O': 0, 'U': 0, 'V': 0, 'W': 0, 'X': 0}",2024-03-31 12:05:00,2024-03-31 21:12:00,On Time
INV-ZZ-4142778,SCH-ZZ-4285322,4204,Boeing 787,HYD,DEL,270,323,183,-87,140,27,54,81,108,32,18,9,14,"{'F': 13, 'P': 1}",61,34,20,27,"{'C': 14, 'J': 7, 'Z': 6}",93,53,28,40,122,69,39,53,"{'Q': 34, 'R': 5, 'S': 1, 'T': 0, 'H': 0, 'M': 0}","{'Y': 32, 'A': 1, 'B': 9, 'D': 10, 'E': 1, 'G': 0, 'I': 0, 'K': 0, 'L': 0, 'N': 0, 'O': 0, 'U': 0, 'V': 0, 'W': 0, 'X': 0}",2024-04-03 12:05:00,2024-04-03 21:12:00,On Time
INV-ZZ-5613130,SCH-ZZ-4285322,4204,Boeing 787,HYD,DEL,270,307,191,-79,116,27,54,81,108,30,19,8,11,"{'F': 4, 'P': 7}",60,37,17,23,"{'C': 14, 'J': 4, 'Z': 5}",93,58,23,35,129,80,28,49,"{'Q': 9, 'R': 15, 'S': 6, 'T': 2, 'H': 0, 'M': 3}","{'Y': 47, 'A': 0, 'B': 2, 'D': 0, 'E': 0, 'G': 0, 'I': 0, 'K': 0, 'L': 0, 'N': 0, 'O': 0, 'U': 0, 'V': 0, 'W': 0, 'X': 0}",2024-04-04 12:05:00,2024-04-04 21:12:00,On Time
INV-ZZ-8742300,SCH-ZZ-4285322,4204,Boeing 787,HYD,DEL,270,310,199,-71,111,27,54,81,108,32,21,6,11,"{'F': 10, 'P': 1}",63,40,14,23,"{'C': 14, 'J': 9, 'Z': 0}",91,58,23,33,129,83,25,46,"{'Q': 32, 'R': 1, 'S': 0, 'T': 0, 'H': 0, 'M': 0}","{'Y': 12, 'A': 18, 'B': 5, 'D': 7, 'E': 1, 'G': 1, 'I': 0, 'K': 2, 'L': 0, 'N': 0, 'O': 0, 'U': 0, 'V': 0, 'W': 0, 'X': 0}",2024-04-05 12:05:00,2024-04-05 21:12:00,On Time
INV-ZZ-3851527,SCH-ZZ-4285322,4204,Boeing 787,HYD,DEL,270,309,185,-85,124,27,54,81,108,31,19,8,12,"{'F': 1, 'P': 11}",64,38,16,26,"{'C': 21, 'J': 2, 'Z': 3}",96,58,23,38,122,73,35,49,"{'Q': 13, 'R': 19, 'S': 5, 'T': 1, 'H': 0, 'M': 0}","{'Y': 25, 'A': 2, 'B': 13, 'D': 0, 'E': 1, 'G': 2, 'I': 6, 'K': 0, 'L': 0, 'N': 0, 'O': 0, 'U': 0, 'V': 0, 'W': 0, 'X': 0}",2024-04-06 12:05:00,2024-04-06 21:12:00,On Time
INV-ZZ-3441203,SCH-ZZ-4285322,4204,Boeing 787,HYD,DEL,270,307,174,-96,133,27,54,81,108,31,18,9,13,"{'F': 4, 'P': 9}",61,34,20,27,"{'C': 9, 'J': 16, 'Z': 2}",92,52,29,40,123,70,38,53,"{'Q': 11, 'R': 14, 'S': 15, 'T': 0, 'H': 0, 'M': 0}","{'Y': 44, 'A': 9, 'B': 0, 'D': 0, 'E': 0, 'G': 0, 'I': 0, 'K': 0, 'L': 0, 'N': 0, 'O': 0, 'U': 0, 'V': 0, 'W': 0, 'X': 0}",2024-04-07 12:05:00,2024-04-07 21:12:00,On Time
INV-ZZ-1958653,SCH-ZZ-4285322,4204,Boeing 787,HYD,DEL,270,299,178,-92,121,27,54,81,108,32,19,8,13,"{'F': 2, 'P': 11}",61,36,18,25,"{'C': 6, 'J': 16, 'Z': 3}",92,55,26,37,126,75,33,51,"{'Q': 0, 'R': 6, 'S': 7, 'T': 14, 'H': 10, 'M': 0}","{'Y': 18, 'A': 30, 'B': 1, 'D': 2, 'E': 0, 'G': 0, 'I': 0, 'K': 0, 'L': 0, 'N': 0, 'O': 0, 'U': 0, 'V': 0, 'W': 0, 'X': 0}",2024-04-10 12:05:00,2024-04-10 21:12:00,On Time
INV-ZZ-2194044,SCH-ZZ-4285322,4204,Boeing 787,HYD,DEL,270,301,182,-88,119,27,54,81,108,32,19,8,13,"{'F': 8, 'P': 5}",64,39,15,25,"{'C': 0, 'J': 25, 'Z': 0}",90,55,26,35,127,77,31,50,"{'Q': 15, 'R': 17, 'S': 1, 'T': 0, 'H': 0, 'M': 2}","{'Y': 31, 'A': 14, 'B': 5, 'D': 0, 'E': 0, 'G': 0, 'I': 0, 'K': 0, 'L': 0, 'N': 0, 'O': 0, 'U': 0, 'V': 0, 'W': 0, 'X': 0}",2024-04-11 12:05:00,2024-04-11 21:12:00,On Time
INV-ZZ-9408512,SCH-ZZ-4285322,4204,Boeing 787,HYD,DEL,270,301,170,-100,131,27,54,81,108,31,18,9,13,"{'F': 13, 'P': 0}",63,36,18,27,"{'C': 4, 'J': 11, 'Z': 12}",97,55,26,42,125,71,37,54,"{'Q': 22, 'R': 19, 'S': 1, 'T': 0, 'H': 0, 'M': 0}","{'Y': 19, 'A': 14, 'B': 3, 'D': 2, 'E': 2, 'G': 0, 'I': 14, 'K': 0, 'L': 0, 'N': 0, 'O': 0, 'U': 0, 'V': 0, 'W': 0, 'X': 0}",2024-04-12 12:05:00,2024-04-12 21:12:00,On Time
INV-ZZ-7871365,SCH-ZZ-4285322,4204,Boeing 787,HYD,DEL,270,299,166,-104,133,27,54,81,108,31,17,10,14,"{'F': 1, 'P': 13}",63,35,19,28,"{'C': 25, 'J': 2, 'Z': 1}",89,49,32,40,125,69,39,56,"{'Q': 29, 'R': 2, 'S': 4, 'T': 2, 'H': 2, 'M': 1}","{'Y': 26, 'A': 17, 'B': 8, 'D': 2, 'E': 1, 'G': 0, 'I': 2, 'K': 0, 'L': 0, 'N': 0, 'O': 0, 'U': 0, 'V': 0, 'W': 0, 'X': 0}",2024-04-13 12:05:00,2024-04-13 21:12:00,On Time
INV-ZZ-7424012,SCH-ZZ-4285322,4204,Boeing 787,HYD,DEL,270,321,181,-89,140,27,54,81,108,32,18,9,14,"{'F': 1, 'P': 13}",60,34,20,26,"{'C': 14, 'J': 3, 'Z': 9}",91,51,30,40,129,73,35,56,"{'Q': 8, 'R': 21, 'S': 10, 'T': 0, 'H': 1, 'M': 0}","{'Y': 19, 'A': 27, 'B': 0, 'D': 4, 'E': 2, 'G': 0, 'I': 3, 'K': 1, 'L': 0, 'N': 0, 'O': 0, 'U': 0, 'V': 0, 'W': 0, 'X': 0}",2024-04-14 12:05:00,2024-04-14 21:12:00,On Time
INV-ZZ-1024289,SCH-ZZ-4285322,4204,Boeing 787,HYD,DEL,270,321,168,-102,153,27,54,81,108,30,16,11,14,"{'F': 14, 'P': 0}",63,33,21,30,"{'C': 23, 'J': 5, 'Z': 2}",90,47,34,43,122,64,44,58,"{'Q': 24, 'R': 11, 'S': 6, 'T': 2, 'H': 0, 'M': 0}","{'Y': 45, 'A': 7, 'B': 6, 'D': 0, 'E': 0, 'G': 0, 'I': 0, 'K': 0, 'L': 0, 'N': 0, 'O': 0, 'U': 0, 'V': 0, 'W': 0, 'X': 0}",2024-04-17 12:05:00,2024-04-17 21:12:00,On Time
INV-ZZ-8613348,SCH-ZZ-4285322,4204,Boeing 787,HYD,DEL,270,317,171,-99,146,27,54,81,108,32,17,10,15,"{'F': 14, 'P': 1}",62,33,21,29,"{'C': 21, 'J': 7, 'Z': 1}",89,48,33,41,127,68,40,59,"{'Q': 15, 'R': 1, 'S': 13, 'T': 8, 'H': 2, 'M': 2}","{'Y': 11, 'A': 15, 'B': 4, 'D': 16, 'E': 0, 'G': 10, 'I': 1, 'K': 2, 'L': 0, 'N': 0, 'O': 0, 'U': 0, 'V': 0, 'W': 0, 'X': 0}",2024-04-18 12:05:00,2024-04-18 21:12:00,On Time
INV-ZZ-8570063,SCH-ZZ-4285322,4204,Boeing 787,HYD,DEL,270,308,181,-89,127,27,54,81,108,32,19,8,13,"{'F': 0, 'P': 13}",61,36,18,25,"{'C': 4, 'J': 20, 'Z': 1}",93,55,26,38,123,72,36,51,"{'Q': 11, 'R': 19, 'S': 7, 'T': 0, 'H': 0, 'M': 1}","{'Y': 7, 'A': 7, 'B': 8, 'D': 2, 'E': 3, 'G': 11, 'I': 1, 'K': 10, 'L': 0, 'N': 0, 'O': 1, 'U': 1, 'V': 0, 'W': 0, 'X': 0}",2024-04-19 12:05:00,2024-04-19 21:12:00,On Time
INV-ZZ-7419681,SCH-ZZ-4285322,4204,Boeing 787,HYD,DEL,270,301,163,-107,138,27,54,81,108,30,16,11,14,"{'F': 8, 'P': 6}",60,33,21,27,"{'C': 26, 'J': 1, 'Z': 0}",93,50,31,43,120,65,43,55,"{'Q': 9, 'R': 29, 'S': 1, 'T': 1, 'H': 0, 'M': 3}","{'Y': 17, 'A': 23, 'B': 12, 'D': 2, 'E': 0, 'G': 1, 'I': 0, 'K': 0, 'L': 0, 'N': 0, 'O': 0, 'U': 0, 'V': 0, 'W': 0, 'X': 0}",2024-04-20 12:05:00,2024-04-20 21:12:00,On Time
INV-ZZ-8687691,SCH-ZZ-4285322,4204,Boeing 787,HYD,DEL,270,297,176,-94,121,27,54,81,108,30,18,9,12,"{'F': 10, 'P': 2}",64,38,16,26,"{'C': 3, 'J': 13, 'Z': 10}",94,56,25,38,129,76,32,53,"{'Q': 8, 'R': 1, 'S': 3, 'T': 8, 'H': 0, 'M': 18}","{'Y': 39, 'A': 5, 'B': 1, 'D': 7, 'E': 0, 'G': 0, 'I': 1, 'K': 0, 'L': 0, 'N': 0, 'O': 0, 'U': 0, 'V': 0, 'W': 0, 'X': 0}",2024-04-21 12:05:00,2024-04-21 21:12:00,On Time
INV-ZZ-3289945,SCH-ZZ-4285322,4204,Boeing 787,HYD,DEL,270,302,168,-102,134,27,54,81,108,31,17,10,14,"{'F': 9, 'P': 5}",64,36,18,28,"{'C': 1, 'J': 13, 'Z': 14}",91,50,31,41,120,67,41,53,"{'Q': 31, 'R': 1, 'S': 1, 'T': 1, 'H': 7, 'M': 0}","{'Y': 45, 'A': 1, 'B': 6, 'D': 0, 'E': 1, 'G': 0, 'I': 0, 'K': 0, 'L': 0, 'N': 0, 'O': 0, 'U': 0, 'V': 0, 'W': 0, 'X': 0}",2024-04-24 12:05:00,2024-04-24 21:12:00,On Time
INV-ZZ-7178111,SCH-ZZ-4285322,4204,Boeing 787,HYD,DEL,270,303,162,-108,141,27,54,81,108,30,16,11,14,"{'F': 2, 'P': 12}",61,33,21,28,"{'C': 4, 'J': 8, 'Z': 16}",97,52,29,45,120,64,44,56,"{'Q': 40, 'R': 4, 'S': 1, 'T': 0, 'H': 0, 'M': 0}","{'Y': 15, 'A': 33, 'B': 5, 'D': 2, 'E': 0, 'G': 1, 'I': 0, 'K': 0, 'L': 0, 'N': 0, 'O': 0, 'U': 0, 'V': 0, 'W': 0, 'X': 0}",2024-04-25 12:05:00,2024-04-25 21:12:00,On Time
INV-ZZ-2893324,SCH-ZZ-4285322,4204,Boeing 787,HYD,DEL,270,300,152,-118,148,27,54,81,108,32,16,11,16,"{'F': 13, 'P': 3}",62,32,22,30,"{'C': 16, 'J': 0, 'Z': 14}",94,48,33,46,122,62,46,60,"{'Q': 21, 'R': 6, 'S': 11, 'T': 3, 'H': 3, 'M': 2}","{'Y': 8, 'A': 42, 'B': 0, 'D': 10, 'E': 0, 'G': 0, 'I': 0, 'K': 0, 'L': 0, 'N': 0, 'O': 0, 'U': 0, 'V': 0, 'W': 0, 'X': 0}",2024-04-26 12:05:00,2024-04-26 21:12:00,On Time
INV-ZZ-9760830,SCH-ZZ-4285322,4204,Boeing 787,HYD,DEL,270,297,149,-121,148,27,54,81,108,32,16,11,16,"{'F': 16, 'P': 0}",61,31,23,30,"{'C': 30, 'J': 0, 'Z': 0}",97,49,32,48,120,60,48,60,"{'Q': 32, 'R': 10, 'S': 5, 'T': 0, 'H': 1, 'M': 0}","{'Y': 36, 'A': 23, 'B': 1, 'D': 0, 'E': 0, 'G': 0, 'I': 0, 'K': 0, 'L': 0, 'N': 0, 'O': 0, 'U': 0, 'V': 0, 'W': 0, 'X': 0}",2024-04-27 12:05:00,2024-04-27 21:12:00,On Time
INV-ZZ-1617666,SCH-ZZ-5124267,3152,Airbus A320-200,BBI,LKO,150,171,101,-49,70,15,30,45,60,17,10,5,7,"{'F': 0, 'P': 7}",35,21,9,14,"{'C': 10, 'J': 3, 'Z': 1}",52,31,14,21,71,42,18,29,"{'Q': 13, 'R': 6, 'S': 1, 'T': 0, 'H': 0, 'M': 1}","{'Y': 27, 'A': 1, 'B': 1, 'D': 0, 'E': 0, 'G': 0, 'I': 0, 'K': 0, 'L': 0, 'N': 0, 'O': 0, 'U': 0, 'V': 0, 'W': 0, 'X': 0}",2024-04-01 1:11:00,2024-04-01 17:33:00,On Time
INV-ZZ-9641889,SCH-ZZ-5124267,3152,Airbus A320-200,BBI,LKO,150,169,96,-54,73,15,30,45,60,17,10,5,7,"{'F': 1, 'P': 6}",35,20,10,15,"{'C': 13, 'J': 0, 'Z': 2}",53,30,15,23,68,38,22,30,"{'Q': 19, 'R': 2, 'S': 0, 'T': 2, 'H': 0, 'M': 0}","{'Y': 18, 'A': 12, 'B': 0, 'D': 0, 'E': 0, 'G': 0, 'I': 0, 'K': 0, 'L': 0, 'N': 0, 'O': 0, 'U': 0, 'V': 0, 'W': 0, 'X': 0}",2024-04-02 1:11:00,2024-04-02 17:33:00,On Time
INV-ZZ-2663396,SCH-ZZ-5124267,3152,Airbus A320-200,BBI,LKO,150,175,99,-51,76,15,30,45,60,18,10,5,8,"{'F': 6, 'P': 2}",35,20,10,15,"{'C': 6, 'J': 2, 'Z': 7}",50,28,17,22,71,40,20,31,"{'Q': 15, 'R': 6, 'S': 0, 'T': 0, 'H': 1, 'M': 0}","{'Y': 7, 'A': 24, 'B': 0, 'D': 0, 'E': 0, 'G': 0, 'I': 0, 'K': 0, 'L': 0, 'N': 0, 'O': 0, 'U': 0, 'V': 0, 'W': 0, 'X': 0}",2024-04-08 1:11:00,2024-04-08 17:33:00,On Time
INV-ZZ-6183618,SCH-ZZ-5124267,3152,Airbus A320-200,BBI,LKO,150,169,100,-50,69,15,30,45,60,18,11,4,7,"{'F': 0, 'P': 7}",36,21,9,15,"{'C': 4, 'J': 9, 'Z': 2}",51,30,15,21,68,40,20,28,"{'Q': 3, 'R': 1, 'S': 3, 'T': 5, 'H': 5, 'M': 4}","{'Y': 6, 'A': 6, 'B': 11, 'D': 2, 'E': 1, 'G': 0, 'I': 1, 'K': 0, 'L': 1, 'N': 0, 'O': 0, 'U': 0, 'V': 0, 'W': 0, 'X': 0}",2024-04-09 1:11:00,2024-04-09 17:33:00,On Time
INV-ZZ-9035113,SCH-ZZ-5124267,3152,Airbus A320-200,BBI,LKO,150,173,93,-57,80,15,30,45,60,17,9,6,8,"{'F': 5, 'P': 3}",33,18,12,15,"{'C': 11, 'J': 3, 'Z': 1}",52,28,17,24,72,39,21,33,"{'Q': 19, 'R': 5, 'S': 0, 'T': 0, 'H': 0, 'M': 0}","{'Y': 29, 'A': 2, 'B': 2, 'D': 0, 'E': 0, 'G': 0, 'I': 0, 'K': 0, 'L': 0, 'N': 0, 'O': 0, 'U': 0, 'V': 0, 'W': 0, 'X': 0}",2024-04-15 1:11:00,2024-04-15 17:33:00,On Time
INV-ZZ-8849583,SCH-ZZ-5124267,3152,Airbus A320-200,BBI,LKO,150,172,105,-45,67,15,30,45,60,17,10,5,7,"{'F': 3, 'P': 4}",34,21,9,13,"{'C': 13, 'J': 0, 'Z': 0}",54,33,12,21,70,43,17,27,"{'Q': 12, 'R': 8, 'S': 0, 'T': 1, 'H': 0, 'M': 0}","{'Y': 12, 'A': 7, 'B': 3, 'D': 2, 'E': 1, 'G': 0, 'I': 0, 'K': 0, 'L': 1, 'N': 0, 'O': 0, 'U': 1, 'V': 0, 'W': 0, 'X': 0}",2024-04-16 1:11:00,2024-04-16 17:33:00,On Time
INV-ZZ-4896316,SCH-ZZ-1892641,3323,Boeing 787,LKO,IDR,270,323,251,-19,72,27,54,81,108,32,25,2,7,"{'F': 0, 'P': 7}",61,47,7,14,"{'C': 3, 'J': 8, 'Z': 3}",95,74,7,21,127,99,9,28,"{'Q': 6, 'R': 1, 'S': 2, 'T': 10, 'H': 2, 'M': 0}","{'Y': 13, 'A': 15, 'B': 0, 'D': 0, 'E': 0, 'G': 0, 'I': 0, 'K': 0, 'L': 0, 'N': 0, 'O': 0, 'U': 0, 'V': 0, 'W': 0, 'X': 0}",2024-02-09 23:18:00,2024-02-10 18:22:00,On Time
INV-ZZ-1107329,SCH-ZZ-1892641,3323,Boeing 787,LKO,IDR,270,314,242,-28,72,27,54,81,108,30,23,4,7,"{'F': 6, 'P': 1}",60,46,8,14,"{'C': 9, 'J': 0, 'Z': 5}",96,74,7,22,126,97,11,29,"{'Q': 0, 'R': 15, 'S': 3, 'T': 1, 'H': 3, 'M': 0}","{'Y': 23, 'A': 5, 'B': 1, 'D': 0, 'E': 0, 'G': 0, 'I': 0, 'K': 0, 'L': 0, 'N': 0, 'O': 0, 'U': 0, 'V': 0, 'W': 0, 'X': 0}",2024-02-10 23:18:00,2024-02-11 18:22:00,On Time
INV-ZZ-7133678,SCH-ZZ-1892641,3323,Boeing 787,LKO,IDR,270,315,225,-45,90,27,54,81,108,31,22,5,9,"{'F': 2, 'P': 7}",65,46,8,19,"{'C': 14, 'J': 2, 'Z': 3}",96,69,12,27,121,87,21,34,"{'Q': 7, 'R': 3, 'S': 13, 'T': 1, 'H': 1, 'M': 2}","{'Y': 14, 'A': 3, 'B': 17, 'D': 0, 'E': 0, 'G': 0, 'I': 0, 'K': 0, 'L': 0, 'N': 0, 'O': 0, 'U': 0, 'V': 0, 'W': 0, 'X': 0}",2024-02-11 23:18:00,2024-02-12 18:22:00,On Time
INV-ZZ-3870187,SCH-ZZ-1892641,3323,Boeing 787,LKO,IDR,270,321,219,-51,102,27,54,81,108,30,20,7,10,"{'F': 0, 'P': 10}",60,41,13,19,"{'C': 15, 'J': 4, 'Z': 0}",95,65,16,30,121,82,26,39,"{'Q': 18, 'R': 6, 'S': 6, 'T': 0, 'H': 0, 'M': 0}","{'Y': 5, 'A': 9, 'B': 21, 'D': 3, 'E': 1, 'G': 0, 'I': 0, 'K': 0, 'L': 0, 'N': 0, 'O': 0, 'U': 0, 'V': 0, 'W': 0, 'X': 0}",2024-02-12 23:18:00,2024-02-13 18:22:00,On Time
INV-ZZ-2549894,SCH-ZZ-1892641,3323,Boeing 787,LKO,IDR,270,312,225,-45,87,27,54,81,108,31,22,5,9,"{'F': 2, 'P': 7}",62,45,9,17,"{'C': 4, 'J': 2, 'Z': 11}",95,68,13,27,129,93,15,36,"{'Q': 23, 'R': 1, 'S': 1, 'T': 2, 'H': 0, 'M': 0}","{'Y': 30, 'A': 5, 'B': 0, 'D': 1, 'E': 0, 'G': 0, 'I': 0, 'K': 0, 'L': 0, 'N': 0, 'O': 0, 'U': 0, 'V': 0, 'W': 0, 'X': 0}",2024-02-13 23:18:00,2024-02-14 18:22:00,On Time
INV-ZZ-8650911,SCH-ZZ-1892641,3323,Boeing 787,LKO,IDR,270,302,215,-55,87,27,54,81,108,31,22,5,9,"{'F': 3, 'P': 6}",64,46,8,18,"{'C': 2, 'J': 11, 'Z': 5}",92,66,15,26,125,89,19,36,"{'Q': 9, 'R': 11, 'S': 0, 'T': 1, 'H': 0, 'M': 5}","{'Y': 5, 'A': 26, 'B': 1, 'D': 0, 'E': 1, 'G': 3, 'I': 0, 'K': 0, 'L': 0, 'N': 0, 'O': 0, 'U': 0, 'V': 0, 'W': 0, 'X': 0}",2024-02-16 23:18:00,2024-02-17 18:22:00,On Time
INV-ZZ-7526257,SCH-ZZ-1892641,3323,Boeing 787,LKO,IDR,270,314,221,-49,93,27,54,81,108,31,22,5,9,"{'F': 5, 'P': 4}",64,45,9,19,"{'C': 15, 'J': 4, 'Z': 0}",90,63,18,27,127,89,19,38,"{'Q': 24, 'R': 0, 'S': 2, 'T': 0, 'H': 0, 'M': 1}","{'Y': 1, 'A': 28, 'B': 8, 'D': 0, 'E': 1, 'G': 0, 'I': 0, 'K': 0, 'L': 0, 'N': 0, 'O': 0, 'U': 0, 'V': 0, 'W': 0, 'X': 0}",2024-02-17 23:18:00,2024-02-18 18:22:00,On Time
INV-ZZ-2241795,SCH-ZZ-1892641,3323,Boeing 787,LKO,IDR,270,307,215,-55,92,27,54,81,108,30,21,6,9,"{'F': 2, 'P': 7}",64,45,9,19,"{'C': 8, 'J': 3, 'Z': 8}",96,67,14,29,125,88,20,37,"{'Q': 24, 'R': 3, 'S': 0, 'T': 0, 'H': 1, 'M': 1}","{'Y': 32, 'A': 5, 'B': 0, 'D': 0, 'E': 0, 'G': 0, 'I': 0, 'K': 0, 'L': 0, 'N': 0, 'O': 0, 'U': 0, 'V': 0, 'W': 0, 'X': 0}",2024-02-18 23:18:00,2024-02-19 18:22:00,On Time
INV-ZZ-6216595,SCH-ZZ-1892641,3323,Boeing 787,LKO,IDR,270,311,211,-59,100,27,54,81,108,32,22,5,10,"{'F': 8, 'P': 2}",64,43,11,21,"{'C': 16, 'J': 3, 'Z': 2}",96,65,16,31,128,87,21,41,"{'Q': 12, 'R': 16, 'S': 1, 'T': 0, 'H': 0, 'M': 2}","{'Y': 39, 'A': 0, 'B': 1, 'D': 0, 'E': 1, 'G': 0, 'I': 0, 'K': 0, 'L': 0, 'N': 0, 'O': 0, 'U': 0, 'V': 0, 'W': 0, 'X': 0}",2024-02-19 23:18:00,2024-02-20 18:22:00,On Time
INV-ZZ-4546195,SCH-ZZ-1892641,3323,Boeing 787,LKO,IDR,270,321,235,-35,86,27,54,81,108,31,23,4,8,"{'F': 3, 'P': 5}",63,46,8,17,"{'C': 7, 'J': 9, 'Z': 1}",96,70,11,26,128,94,14,34,"{'Q': 17, 'R': 0, 'S': 6, 'T': 3, 'H': 0, 'M': 0}","{'Y': 29, 'A': 5, 'B': 0, 'D': 0, 'E': 0, 'G': 0, 'I': 0, 'K': 0, 'L': 0, 'N': 0, 'O': 0, 'U': 0, 'V': 0, 'W': 0, 'X': 0}",2024-02-20 23:18:00,2024-02-21 18:22:00,On Time
INV-ZZ-9186264,SCH-ZZ-1892641,3323,Boeing 787,LKO,IDR,270,301,211,-59,90,27,54,81,108,32,22,5,10,"{'F': 8, 'P': 2}",62,43,11,19,"{'C': 4, 'J': 0, 'Z': 15}",94,66,15,28,125,87,21,38,"{'Q': 20, 'R': 0, 'S': 5, 'T': 2, 'H': 0, 'M': 1}","{'Y': 1, 'A': 17, 'B': 16, 'D': 1, 'E': 2, 'G': 0, 'I': 0, 'K': 0, 'L': 1, 'N': 0, 'O': 0, 'U': 0, 'V': 0, 'W': 0, 'X': 0}",2024-02-23 23:18:00,2024-02-24 18:22:00,On Time
INV-ZZ-3662789,SCH-ZZ-1892641,3323,Boeing 787,LKO,IDR,270,320,226,-44,94,27,54,81,108,31,22,5,9,"{'F': 4, 'P': 5}",63,45,9,18,"{'C': 6, 'J': 6, 'Z': 6}",96,68,13,28,128,91,17,37,"{'Q': 6, 'R': 1, 'S': 7, 'T': 14, 'H': 0, 'M': 0}","{'Y': 32, 'A': 3, 'B': 0, 'D': 0, 'E': 2, 'G': 0, 'I': 0, 'K': 0, 'L': 0, 'N': 0, 'O': 0, 'U': 0, 'V': 0, 'W': 0, 'X': 0}",2024-02-24 23:18:00,2024-02-25 18:22:00,On Time
INV-ZZ-9629677,SCH-ZZ-1892641,3323,Boeing 787,LKO,IDR,270,301,218,-52,83,27,54,81,108,32,23,4,9,"{'F': 0, 'P': 9}",64,46,8,18,"{'C': 17, 'J': 1, 'Z': 0}",93,67,14,26,122,88,20,34,"{'Q': 9, 'R': 12, 'S': 1, 'T': 1, 'H': 2, 'M': 1}","{'Y': 13, 'A': 6, 'B': 9, 'D': 3, 'E': 3, 'G': 0, 'I': 0, 'K': 0, 'L': 0, 'N': 0, 'O': 0, 'U': 0, 'V': 0, 'W': 0, 'X': 0}",2024-02-25 23:18:00,2024-02-26 18:22:00,On Time
INV-ZZ-1404611,SCH-ZZ-1892641,3323,Boeing 787,LKO,IDR,270,321,238,-32,83,27,54,81,108,32,24,3,8,"{'F': 4, 'P': 4}",64,47,7,17,"{'C': 7, 'J': 6, 'Z': 4}",97,72,9,25,123,91,17,32,"{'Q': 5, 'R': 8, 'S': 3, 'T': 6, 'H': 0, 'M': 3}","{'Y': 4, 'A': 8, 'B': 4, 'D': 2, 'E': 8, 'G': 0, 'I': 4, 'K': 2, 'L': 0, 'N': 0, 'O': 0, 'U': 0, 'V': 0, 'W': 0, 'X': 0}",2024-02-26 23:18:00,2024-02-27 18:22:00,On Time
INV-ZZ-7619701,SCH-ZZ-1892641,3323,Boeing 787,LKO,IDR,270,301,212,-58,89,27,54,81,108,30,21,6,9,"{'F': 6, 'P': 3}",65,46,8,19,"{'C': 19, 'J': 0, 'Z': 0}",96,68,13,28,125,88,20,37,"{'Q': 5, 'R': 15, 'S': 7, 'T': 1, 'H': 0, 'M': 0}","{'Y': 12, 'A': 17, 'B': 5, 'D': 3, 'E': 0, 'G': 0, 'I': 0, 'K': 0, 'L': 0, 'N': 0, 'O': 0, 'U': 0, 'V': 0, 'W': 0, 'X': 0}",2024-02-27 23:18:00,2024-02-28 18:22:00,On Time
INV-ZZ-7410045,SCH-ZZ-1892641,3323,Boeing 787,LKO,IDR,270,323,226,-44,97,27,54,81,108,31,22,5,9,"{'F': 3, 'P': 6}",61,43,11,18,"{'C': 1, 'J': 17, 'Z': 0}",92,64,17,28,124,87,21,37,"{'Q': 7, 'R': 14, 'S': 4, 'T': 0, 'H': 1, 'M': 2}","{'Y': 31, 'A': 1, 'B': 3, 'D': 2, 'E': 0, 'G': 0, 'I': 0, 'K': 0, 'L': 0, 'N': 0, 'O': 0, 'U': 0, 'V': 0, 'W': 0, 'X': 0}",2024-03-01 23:18:00,2024-03-02 18:22:00,On Time
INV-ZZ-7525095,SCH-ZZ-1892641,3323,Boeing 787,LKO,IDR,270,313,223,-47,90,27,54,81,108,30,21,6,9,"{'F': 2, 'P': 7}",63,45,9,18,"{'C': 4, 'J': 9, 'Z': 5}",90,64,17,26,123,88,20,35,"{'Q': 9, 'R': 8, 'S': 3, 'T': 3, 'H': 1, 'M': 2}","{'Y': 28, 'A': 4, 'B': 0, 'D': 2, 'E': 1, 'G': 0, 'I': 0, 'K': 0, 'L': 0, 'N': 0, 'O': 0, 'U': 0, 'V': 0, 'W': 0, 'X': 0}",2024-03-02 23:18:00,2024-03-03 18:22:00,On Time
INV-ZZ-9337040,SCH-ZZ-1892641,3323,Boeing 787,LKO,IDR,270,317,204,-66,113,27,54,81,108,31,20,7,11,"{'F': 9, 'P': 2}",59,38,16,21,"{'C': 1, 'J': 7, 'Z': 13}",92,59,22,33,123,79,29,44,"{'Q': 27, 'R': 3, 'S': 1, 'T': 2, 'H': 0, 'M': 0}","{'Y': 31, 'A': 6, 'B': 3, 'D': 0, 'E': 1, 'G': 0, 'I': 2, 'K': 1, 'L': 0, 'N': 0, 'O': 0, 'U': 0, 'V': 0, 'W': 0, 'X': 0}",2024-03-03 23:18:00,2024-03-04 18:22:00,On Time
INV-ZZ-4196644,SCH-ZZ-1892641,3323,Boeing 787,LKO,IDR,270,299,218,-52,81,27,54,81,108,31,23,4,8,"{'F': 1, 'P': 7}",64,47,7,17,"{'C': 9, 'J': 7, 'Z': 1}",91,66,15,25,128,93,15,35,"{'Q': 8, 'R': 9, 'S': 3, 'T': 3, 'H': 1, 'M': 1}","{'Y': 14, 'A': 13, 'B': 7, 'D': 1, 'E': 0, 'G': 0, 'I': 0, 'K': 0, 'L': 0, 'N': 0, 'O': 0, 'U': 0, 'V': 0, 'W': 0, 'X': 0}",2024-03-04 23:18:00,2024-03-05 18:22:00,On Time
INV-ZZ-6301075,SCH-ZZ-1892641,3323,Boeing 787,LKO,IDR,270,307,216,-54,91,27,54,81,108,31,22,5,9,"{'F': 9, 'P': 0}",65,46,8,19,"{'C': 18, 'J': 1, 'Z': 0}",97,68,13,29,121,85,23,36,"{'Q': 15, 'R': 0, 'S': 14, 'T': 0, 'H': 0, 'M': 0}","{'Y': 0, 'A': 31, 'B': 5, 'D': 0, 'E': 0, 'G': 0, 'I': 0, 'K': 0, 'L': 0, 'N': 0, 'O': 0, 'U': 0, 'V': 0, 'W': 0, 'X': 0}",2024-03-05 23:18:00,2024-03-06 18:22:00,On Time
INV-ZZ-9596149,SCH-ZZ-1892641,3323,Boeing 787,LKO,IDR,270,302,186,-84,116,27,54,81,108,30,18,9,12,"{'F': 3, 'P': 9}",61,38,16,23,"{'C': 18, 'J': 0, 'Z': 5}",90,55,26,35,129,80,28,49,"{'Q': 17, 'R': 11, 'S': 6, 'T': 0, 'H': 1, 'M': 0}","{'Y': 41, 'A': 5, 'B': 1, 'D': 1, 'E': 1, 'G': 0, 'I': 0, 'K': 0, 'L': 0, 'N': 0, 'O': 0, 'U': 0, 'V': 0, 'W': 0, 'X': 0}",2024-03-08 23:18:00,2024-03-09 18:22:00,On Time
INV-ZZ-7412137,SCH-ZZ-1892641,3323,Boeing 787,LKO,IDR,270,315,219,-51,96,27,54,81,108,31,22,5,9,"{'F': 1, 'P': 8}",63,44,10,19,"{'C': 15, 'J': 3, 'Z': 1}",90,63,18,27,123,86,22,37,"{'Q': 1, 'R': 15, 'S': 1, 'T': 2, 'H': 3, 'M': 5}","{'Y': 29, 'A': 5, 'B': 0, 'D': 2, 'E': 1, 'G': 0, 'I': 0, 'K': 0, 'L': 0, 'N': 0, 'O': 0, 'U': 0, 'V': 0, 'W': 0, 'X': 0}",2024-03-09 23:18:00,2024-03-10 18:22:00,On Time
INV-ZZ-8519128,SCH-ZZ-4219268,2526,Boeing 787,GAU,BLR,270,320,219,-51,101,27,54,81,108,30,21,6,9,"{'F': 2, 'P': 7}",64,44,10,20,"{'C': 6, 'J': 7, 'Z': 7}",94,64,17,30,126,86,22,40,"{'Q': 22, 'R': 6, 'S': 0, 'T': 0, 'H': 0, 'M': 2}","{'Y': 9, 'A': 16, 'B': 4, 'D': 4, 'E': 4, 'G': 3, 'I': 0, 'K': 0, 'L': 0, 'N': 0, 'O': 0, 'U': 0, 'V': 0, 'W': 0, 'X': 0}",2024-02-20 8:34:00,2024-02-20 8:47:00,On Time
INV-ZZ-6556549,SCH-ZZ-4219268,2526,Boeing 787,GAU,BLR,270,312,234,-36,78,27,54,81,108,32,24,3,8,"{'F': 4, 'P': 4}",65,49,5,16,"{'C': 1, 'J': 3, 'Z': 12}",93,70,11,23,122,91,17,31,"{'Q': 11, 'R': 4, 'S': 1, 'T': 3, 'H': 1, 'M': 3}","{'Y': 21, 'A': 8, 'B': 0, 'D': 1, 'E': 0, 'G': 0, 'I': 1, 'K': 0, 'L': 0, 'N': 0, 'O': 0, 'U': 0, 'V': 0, 'W': 0, 'X': 0}",2024-02-22 8:34:00,2024-02-22 8:47:00,On Time
INV-ZZ-4202432,SCH-ZZ-4219268,2526,Boeing 787,GAU,BLR,270,301,200,-70,101,27,54,81,108,30,20,7,10,"{'F': 4, 'P': 6}",62,41,13,21,"{'C': 20, 'J': 1, 'Z': 0}",92,61,20,31,119,79,29,40,"{'Q': 7, 'R': 0, 'S': 7, 'T': 12, 'H': 3, 'M': 2}","{'Y': 38, 'A': 0, 'B': 2, 'D': 0, 'E': 0, 'G': 0, 'I': 0, 'K': 0, 'L': 0, 'N': 0, 'O': 0, 'U': 0, 'V': 0, 'W': 0, 'X': 0}",2024-02-23 8:34:00,2024-02-23 8:47:00,On Time
INV-ZZ-4224955,SCH-ZZ-4219268,2526,Boeing 787,GAU,BLR,270,304,211,-59,93,27,54,81,108,31,21,6,10,"{'F': 6, 'P': 4}",63,44,10,19,"{'C': 6, 'J': 7, 'Z': 6}",91,63,18,28,128,89,19,39,"{'Q': 24, 'R': 0, 'S': 3, 'T': 1, 'H': 0, 'M': 0}","{'Y': 20, 'A': 1, 'B': 6, 'D': 0, 'E': 0, 'G': 12, 'I': 0, 'K': 0, 'L': 0, 'N': 0, 'O': 0, 'U': 0, 'V': 0, 'W': 0, 'X': 0}",2024-02-24 8:34:00,2024-02-24 8:47:00,On Time
INV-ZZ-4233206,SCH-ZZ-4219268,2526,Boeing 787,GAU,BLR,270,312,202,-68,110,27,54,81,108,32,21,6,11,"{'F': 1, 'P': 10}",61,39,15,22,"{'C': 4, 'J': 13, 'Z': 5}",94,61,20,33,124,80,28,44,"{'Q': 3, 'R': 6, 'S': 0, 'T': 22, 'H': 1, 'M': 1}","{'Y': 36, 'A': 5, 'B': 3, 'D': 0, 'E': 0, 'G': 0, 'I': 0, 'K': 0, 'L': 0, 'N': 0, 'O': 0, 'U': 0, 'V': 0, 'W': 0, 'X': 0}",2024-02-27 8:34:00,2024-02-27 8:47:00,On Time
INV-ZZ-3665854,SCH-ZZ-8409294,3417,Boeing 787,CNN,MAA,270,316,226,-44,90,27,54,81,108,32,23,4,9,"{'F': 6, 'P': 3}",63,45,9,18,"{'C': 10, 'J': 6, 'Z': 2}",91,65,16,26,122,87,21,35,"{'Q': 5, 'R': 2, 'S': 16, 'T': 0, 'H': 0, 'M': 3}","{'Y': 16, 'A': 0, 'B': 11, 'D': 2, 'E': 4, 'G': 2, 'I': 0, 'K': 0, 'L': 0, 'N': 0, 'O': 0, 'U': 0, 'V': 0, 'W': 0, 'X': 0}",2024-02-17 4:37:00,2024-02-17 12:50:00,On Time
INV-ZZ-1005162,SCH-ZZ-8409294,3417,Boeing 787,CNN,MAA,270,323,238,-32,85,27,54,81,108,30,22,5,8,"{'F': 8, 'P': 0}",62,46,8,16,"{'C': 7, 'J': 4, 'Z': 5}",97,71,10,26,127,94,14,33,"{'Q': 23, 'R': 1, 'S': 1, 'T': 1, 'H': 0, 'M': 0}","{'Y': 19, 'A': 7, 'B': 6, 'D': 1, 'E': 0, 'G': 0, 'I': 0, 'K': 0, 'L': 0, 'N': 0, 'O': 0, 'U': 0, 'V': 0, 'W': 0, 'X': 0}",2024-02-18 4:37:00,2024-02-18 12:50:00,On Time
INV-ZZ-6337292,SCH-ZZ-8409294,3417,Boeing 787,CNN,MAA,270,321,226,-44,95,27,54,81,108,30,21,6,9,"{'F': 8, 'P': 1}",63,44,10,19,"{'C': 14, 'J': 3, 'Z': 2}",91,64,17,27,126,89,19,37,"{'Q': 15, 'R': 0, 'S': 5, 'T': 7, 'H': 0, 'M': 0}","{'Y': 33, 'A': 1, 'B': 0, 'D': 3, 'E': 0, 'G': 0, 'I': 0, 'K': 0, 'L': 0, 'N': 0, 'O': 0, 'U': 0, 'V': 0, 'W': 0, 'X': 0}",2024-02-20 4:37:00,2024-02-20 12:50:00,On Time
INV-ZZ-7889587,SCH-ZZ-8409294,3417,Boeing 787,CNN,MAA,270,317,227,-43,90,27,54,81,108,30,21,6,9,"{'F': 1, 'P': 8}",59,42,12,17,"{'C': 2, 'J': 14, 'Z': 1}",91,65,16,26,119,85,23,34,"{'Q': 25, 'R': 0, 'S': 1, 'T': 0, 'H': 0, 'M': 0}","{'Y': 27, 'A': 1, 'B': 1, 'D': 2, 'E': 3, 'G': 0, 'I': 0, 'K': 0, 'L': 0, 'N': 0, 'O': 0, 'U': 0, 'V': 0, 'W': 0, 'X': 0}",2024-02-21 4:37:00,2024-02-21 12:50:00,On Time
INV-ZZ-8938693,SCH-ZZ-8409294,3417,Boeing 787,CNN,MAA,270,314,237,-33,77,27,54,81,108,31,23,4,8,"{'F': 3, 'P': 5}",60,45,9,15,"{'C': 1, 'J': 8, 'Z': 6}",97,73,8,24,121,91,17,30,"{'Q': 16, 'R': 7, 'S': 1, 'T': 0, 'H': 0, 'M': 0}","{'Y': 22, 'A': 5, 'B': 3, 'D': 0, 'E': 0, 'G': 0, 'I': 0, 'K': 0, 'L': 0, 'N': 0, 'O': 0, 'U': 0, 'V': 0, 'W': 0, 'X': 0}",2024-02-22 4:37:00,2024-02-22 12:50:00,On Time
INV-ZZ-3306922,SCH-ZZ-8409294,3417,Boeing 787,CNN,MAA,270,320,234,-36,86,27,54,81,108,32,23,4,9,"{'F': 6, 'P': 3}",62,45,9,17,"{'C': 1, 'J': 16, 'Z': 0}",92,67,14,25,120,88,20,32,"{'Q': 0, 'R': 13, 'S': 9, 'T': 1, 'H': 1, 'M': 1}","{'Y': 24, 'A': 8, 'B': 0, 'D': 0, 'E': 0, 'G': 0, 'I': 0, 'K': 0, 'L': 0, 'N': 0, 'O': 0, 'U': 0, 'V': 0, 'W': 0, 'X': 0}",2024-02-23 4:37:00,2024-02-23 12:50:00,On Time
INV-ZZ-7994288,SCH-ZZ-8409294,3417,Boeing 787,CNN,MAA,270,304,230,-40,74,27,54,81,108,30,23,4,7,"{'F': 1, 'P': 6}",60,45,9,15,"{'C': 11, 'J': 0, 'Z': 4}",93,70,11,23,127,96,12,31,"{'Q': 4, 'R': 12, 'S': 3, 'T': 0, 'H': 1, 'M': 3}","{'Y': 4, 'A': 13, 'B': 7, 'D': 0, 'E': 3, 'G': 2, 'I': 0, 'K': 1, 'L': 0, 'N': 0, 'O': 1, 'U': 0, 'V': 0, 'W': 0, 'X': 0}",2024-02-24 4:37:00,2024-02-24 12:50:00,On Time
INV-ZZ-6744454,SCH-ZZ-8409294,3417,Boeing 787,CNN,MAA,270,320,232,-38,88,27,54,81,108,31,22,5,9,"{'F': 8, 'P': 1}",61,44,10,17,"{'C': 10, 'J': 3, 'Z': 4}",95,69,12,26,122,88,20,34,"{'Q': 0, 'R': 19, 'S': 7, 'T': 0, 'H': 0, 'M': 0}","{'Y': 4, 'A': 2, 'B': 5, 'D': 9, 'E': 12, 'G': 2, 'I': 0, 'K': 0, 'L': 0, 'N': 0, 'O': 0, 'U': 0, 'V': 0, 'W': 0, 'X': 0}",2024-02-25 4:37:00,2024-02-25 12:50:00,On Time
INV-ZZ-1120260,SCH-ZZ-8409294,3417,Boeing 787,CNN,MAA,270,297,219,-51,78,27,54,81,108,31,23,4,8,"{'F': 5, 'P': 3}",60,44,10,16,"{'C': 15, 'J': 1, 'Z': 0}",96,71,10,25,123,91,17,32,"{'Q': 17, 'R': 5, 'S': 0, 'T': 3, 'H': 0, 'M': 0}","{'Y': 0, 'A': 4, 'B': 3, 'D': 12, 'E': 4, 'G': 0, 'I': 4, 'K': 1, 'L': 4, 'N': 0, 'O': 0, 'U': 0, 'V': 0, 'W': 0, 'X': 0}",2024-02-27 4:37:00,2024-02-27 12:50:00,On Time
INV-ZZ-6072125,SCH-ZZ-8409294,3417,Boeing 787,CNN,MAA,270,302,223,-47,79,27,54,81,108,31,23,4,8,"{'F': 3, 'P': 5}",63,46,8,17,"{'C': 15, 'J': 1, 'Z': 1}",92,68,13,24,121,89,19,32,"{'Q': 14, 'R': 3, 'S': 6, 'T': 1, 'H': 0, 'M': 0}","{'Y': 1, 'A': 19, 'B': 4, 'D': 2, 'E': 0, 'G': 2, 'I': 3, 'K': 1, 'L': 0, 'N': 0, 'O': 0, 'U': 0, 'V': 0, 'W': 0, 'X': 0}",2024-02-28 4:37:00,2024-02-28 12:50:00,On Time
INV-ZZ-1788740,SCH-ZZ-9668787,3782,Boeing 787,BBI,DEL,270,307,246,-24,61,27,54,81,108,30,24,3,6,"{'F': 1, 'P': 5}",60,48,6,12,"{'C': 5, 'J': 5, 'Z': 2}",93,74,7,19,122,98,10,24,"{'Q': 2, 'R': 7, 'S': 0, 'T': 5, 'H': 0, 'M': 5}","{'Y': 1, 'A': 7, 'B': 5, 'D': 10, 'E': 1, 'G': 0, 'I': 0, 'K': 0, 'L': 0, 'N': 0, 'O': 0, 'U': 0, 'V': 0, 'W': 0, 'X': 0}",2023-12-19 1:26:00,2023-12-19 23:21:00,On Time
INV-ZZ-1050433,SCH-ZZ-9668787,3782,Boeing 787,BBI,DEL,270,318,273,3,45,27,54,81,108,31,27,0,4,"{'F': 4, 'P': 0}",60,51,3,9,"{'C': 1, 'J': 8, 'Z': 0}",96,82,-1,14,128,110,-2,18,"{'Q': 6, 'R': 5, 'S': 0, 'T': 2, 'H': 0, 'M': 1}","{'Y': 3, 'A': 14, 'B': 1, 'D': 0, 'E': 0, 'G': 0, 'I': 0, 'K': 0, 'L': 0, 'N': 0, 'O': 0, 'U': 0, 'V': 0, 'W': 0, 'X': 0}",2023-12-21 1:26:00,2023-12-21 23:21:00,On Time
INV-ZZ-4082701,SCH-ZZ-9668787,3782,Boeing 787,BBI,DEL,270,313,272,2,41,27,54,81,108,31,27,0,4,"{'F': 3, 'P': 1}",61,53,1,8,"{'C': 6, 'J': 2, 'Z': 0}",96,83,-2,13,128,111,-3,17,"{'Q': 0, 'R': 8, 'S': 2, 'T': 0, 'H': 3, 'M': 0}","{'Y': 17, 'A': 0, 'B': 0, 'D': 0, 'E': 0, 'G': 0, 'I': 0, 'K': 0, 'L': 0, 'N': 0, 'O': 0, 'U': 0, 'V': 0, 'W': 0, 'X': 0}",2023-12-26 1:26:00,2023-12-26 23:21:00,On Time
INV-ZZ-5868306,SCH-ZZ-9668787,3782,Boeing 787,BBI,DEL,270,316,254,-16,62,27,54,81,108,32,26,1,6,"{'F': 4, 'P': 2}",64,51,3,13,"{'C': 12, 'J': 1, 'Z': 0}",93,75,6,18,120,96,12,24,"{'Q': 11, 'R': 2, 'S': 1, 'T': 4, 'H': 0, 'M': 0}","{'Y': 9, 'A': 3, 'B': 0, 'D': 1, 'E': 0, 'G': 7, 'I': 1, 'K': 3, 'L': 0, 'N': 0, 'O': 0, 'U': 0, 'V': 0, 'W': 0, 'X': 0}",2023-12-28 1:26:00,2023-12-28 23:21:00,On Time
INV-ZZ-2058771,SCH-ZZ-7787481,4211,Boeing 787,GOI,DEL,270,308,284,14,24,27,54,81,108,32,30,-3,2,"{'F': 1, 'P': 1}",62,57,-3,5,"{'C': 3, 'J': 2, 'Z': 0}",94,87,-6,7,122,113,-5,9,"{'Q': 4, 'R': 3, 'S': 0, 'T': 0, 'H': 0, 'M': 0}","{'Y': 2, 'A': 5, 'B': 1, 'D': 0, 'E': 1, 'G': 0, 'I': 0, 'K': 0, 'L': 0, 'N': 0, 'O': 0, 'U': 0, 'V': 0, 'W': 0, 'X': 0}",2023-12-20 17:01:00,2023-12-21 11:08:00,On Time
INV-ZZ-3131562,SCH-ZZ-7787481,4211,Boeing 787,GOI,DEL,270,315,261,-9,54,27,54,81,108,31,26,1,5,"{'F': 1, 'P': 4}",60,50,4,10,"{'C': 5, 'J': 2, 'Z': 3}",94,78,3,16,121,100,8,21,"{'Q': 7, 'R': 2, 'S': 3, 'T': 1, 'H': 2, 'M': 1}","{'Y': 6, 'A': 6, 'B': 8, 'D': 0, 'E': 0, 'G': 0, 'I': 1, 'K': 0, 'L': 0, 'N': 0, 'O': 0, 'U': 0, 'V': 0, 'W': 0, 'X': 0}",2023-12-21 17:01:00,2023-12-22 11:08:00,On Time
INV-ZZ-2694616,SCH-ZZ-7787481,4211,Boeing 787,GOI,DEL,270,312,276,6,36,27,54,81,108,30,27,0,3,"{'F': 1, 'P': 2}",60,53,1,7,"{'C': 3, 'J': 2, 'Z': 2}",90,80,1,10,123,109,-1,14,"{'Q': 7, 'R': 0, 'S': 2, 'T': 0, 'H': 1, 'M': 0}","{'Y': 5, 'A': 3, 'B': 3, 'D': 3, 'E': 0, 'G': 0, 'I': 0, 'K': 0, 'L': 0, 'N': 0, 'O': 0, 'U': 0, 'V': 0, 'W': 0, 'X': 0}",2023-12-22 17:01:00,2023-12-23 11:08:00,On Time
INV-ZZ-3238963,SCH-ZZ-7787481,4211,Boeing 787,GOI,DEL,270,311,278,8,33,27,54,81,108,31,28,-1,3,"{'F': 0, 'P': 3}",64,57,-3,7,"{'C': 0, 'J': 7, 'Z': 0}",96,86,-5,10,125,112,-4,13,"{'Q': 8, 'R': 0, 'S': 1, 'T': 0, 'H': 0, 'M': 1}","{'Y': 3, 'A': 5, 'B': 5, 'D': 0, 'E': 0, 'G': 0, 'I': 0, 'K': 0, 'L': 0, 'N': 0, 'O': 0, 'U': 0, 'V': 0, 'W': 0, 'X': 0}",2023-12-24 17:01:00,2023-12-25 11:08:00,On Time
INV-ZZ-4607320,SCH-ZZ-7787481,4211,Boeing 787,GOI,DEL,270,313,255,-15,58,27,54,81,108,31,25,2,6,"{'F': 5, 'P': 1}",64,52,2,12,"{'C': 9, 'J': 3, 'Z': 0}",92,75,6,17,126,103,5,23,"{'Q': 14, 'R': 2, 'S': 1, 'T': 0, 'H': 0, 'M': 0}","{'Y': 18, 'A': 4, 'B': 1, 'D': 0, 'E': 0, 'G': 0, 'I': 0, 'K': 0, 'L': 0, 'N': 0, 'O': 0, 'U': 0, 'V': 0, 'W': 0, 'X': 0}",2023-12-25 17:01:00,2023-12-26 11:08:00,On Time
INV-ZZ-3715300,SCH-ZZ-7787481,4211,Boeing 787,GOI,DEL,270,306,276,6,30,27,54,81,108,30,27,0,3,"{'F': 1, 'P': 2}",64,58,-4,6,"{'C': 1, 'J': 4, 'Z': 1}",91,82,-1,9,119,107,1,12,"{'Q': 6, 'R': 3, 'S': 0, 'T': 0, 'H': 0, 'M': 0}","{'Y': 2, 'A': 8, 'B': 0, 'D': 1, 'E': 1, 'G': 0, 'I': 0, 'K': 0, 'L': 0, 'N': 0, 'O': 0, 'U': 0, 'V': 0, 'W': 0, 'X': 0}",2023-12-27 17:01:00,2023-12-28 11:08:00,On Time
INV-ZZ-7580733,SCH-ZZ-7787481,4211,Boeing 787,GOI,DEL,270,310,242,-28,68,27,54,81,108,32,25,2,7,"{'F': 3, 'P': 4}",63,49,5,14,"{'C': 6, 'J': 3, 'Z': 5}",92,72,9,20,123,96,12,27,"{'Q': 9, 'R': 3, 'S': 3, 'T': 4, 'H': 0, 'M': 1}","{'Y': 2, 'A': 22, 'B': 0, 'D': 1, 'E': 1, 'G': 1, 'I': 0, 'K': 0, 'L': 0, 'N': 0, 'O': 0, 'U': 0, 'V': 0, 'W': 0, 'X': 0}",2023-12-28 17:01:00,2023-12-29 11:08:00,On Time
INV-ZZ-5409981,SCH-ZZ-2526622,4946,Boeing 757,COK,GAU,209,231,197,-12,34,20,41,62,83,24,21,-1,3,"{'F': 3, 'P': 0}",49,42,-1,7,"{'C': 6, 'J': 0, 'Z': 1}",72,62,0,10,92,79,4,13,"{'Q': 0, 'R': 2, 'S': 8, 'T': 0, 'H': 0, 'M': 0}","{'Y': 0, 'A': 13, 'B': 0, 'D': 0, 'E': 0, 'G': 0, 'I': 0, 'K': 0, 'L': 0, 'N': 0, 'O': 0, 'U': 0, 'V': 0, 'W': 0, 'X': 0}",2023-12-12 6:50:00,2023-12-12 7:48:00,On Time
INV-ZZ-8022558,SCH-ZZ-2526622,4946,Boeing 757,COK,GAU,209,237,201,-8,36,20,41,62,83,23,19,1,4,"{'F': 0, 'P': 4}",48,41,0,7,"{'C': 1, 'J': 4, 'Z': 2}",72,61,1,11,95,80,3,15,"{'Q': 2, 'R': 0, 'S': 7, 'T': 1, 'H': 0, 'M': 1}","{'Y': 9, 'A': 3, 'B': 2, 'D': 0, 'E': 0, 'G': 0, 'I': 1, 'K': 0, 'L': 0, 'N': 0, 'O': 0, 'U': 0, 'V': 0, 'W': 0, 'X': 0}",2023-12-13 6:50:00,2023-12-13 7:48:00,On Time
INV-ZZ-7150252,SCH-ZZ-2526622,4946,Boeing 757,COK,GAU,209,249,216,7,33,20,41,62,83,24,21,-1,3,"{'F': 1, 'P': 2}",48,42,-1,6,"{'C': 4, 'J': 2, 'Z': 0}",69,60,2,9,93,81,2,12,"{'Q': 7, 'R': 1, 'S': 1, 'T': 0, 'H': 0, 'M': 0}","{'Y': 11, 'A': 0, 'B': 1, 'D': 0, 'E': 0, 'G': 0, 'I': 0, 'K': 0, 'L': 0, 'N': 0, 'O': 0, 'U': 0, 'V': 0, 'W': 0, 'X': 0}",2023-12-15 6:50:00,2023-12-15 7:48:00,On Time
INV-ZZ-9638076,SCH-ZZ-2526622,4946,Boeing 757,COK,GAU,209,250,226,17,24,20,41,62,83,24,22,-2,2,"{'F': 2, 'P': 0}",47,42,-1,5,"{'C': 1, 'J': 4, 'Z': 0}",72,65,-3,7,99,89,-6,10,"{'Q': 1, 'R': 1, 'S': 2, 'T': 0, 'H': 3, 'M': 0}","{'Y': 2, 'A': 5, 'B': 3, 'D': 0, 'E': 0, 'G': 0, 'I': 0, 'K': 0, 'L': 0, 'N': 0, 'O': 0, 'U': 0, 'V': 0, 'W': 0, 'X': 0}",2023-12-16 6:50:00,2023-12-16 7:48:00,On Time
INV-ZZ-3646368,SCH-ZZ-2526622,4946,Boeing 757,COK,GAU,209,241,215,6,26,20,41,62,83,24,21,-1,3,"{'F': 1, 'P': 2}",48,43,-2,5,"{'C': 2, 'J': 0, 'Z': 3}",74,66,-4,8,93,83,0,10,"{'Q': 1, 'R': 2, 'S': 4, 'T': 0, 'H': 1, 'M': 0}","{'Y': 4, 'A': 1, 'B': 1, 'D': 3, 'E': 1, 'G': 0, 'I': 0, 'K': 0, 'L': 0, 'N': 0, 'O': 0, 'U': 0, 'V': 0, 'W': 0, 'X': 0}",2023-12-17 6:50:00,2023-12-17 7:48:00,On Time
INV-ZZ-8006865,SCH-ZZ-2526622,4946,Boeing 757,COK,GAU,209,240,208,-1,32,20,41,62,83,24,21,-1,3,"{'F': 2, 'P': 1}",49,43,-2,6,"{'C': 6, 'J': 0, 'Z': 0}",69,60,2,9,94,82,1,12,"{'Q': 0, 'R': 5, 'S': 1, 'T': 0, 'H': 1, 'M': 2}","{'Y': 10, 'A': 1, 'B': 0, 'D': 1, 'E': 0, 'G': 0, 'I': 0, 'K': 0, 'L': 0, 'N': 0, 'O': 0, 'U': 0, 'V': 0, 'W': 0, 'X': 0}",2023-12-19 6:50:00,2023-12-19 7:48:00,On Time
INV-ZZ-7884055,SCH-ZZ-7873449,2432,Airbus A321-200,LKO,IDR,200,220,188,-12,32,20,40,60,80,22,19,1,3,"{'F': 0, 'P': 3}",46,39,1,7,"{'C': 7, 'J': 0, 'Z': 0}",72,61,-1,11,95,81,-1,14,"{'Q': 2, 'R': 4, 'S': 4, 'T': 1, 'H': 0, 'M': 0}","{'Y': 11, 'A': 2, 'B': 1, 'D': 0, 'E': 0, 'G': 0, 'I': 0, 'K': 0, 'L': 0, 'N': 0, 'O': 0, 'U': 0, 'V': 0, 'W': 0, 'X': 0}",2023-12-10 11:52:00,2023-12-11 2:32:00,On Time
INV-ZZ-5703007,SCH-ZZ-7873449,2432,Airbus A321-200,LKO,IDR,200,236,211,11,25,20,40,60,80,24,21,-1,3,"{'F': 2, 'P': 1}",48,43,-3,5,"{'C': 1, 'J': 0, 'Z': 4}",69,62,-2,7,95,85,-5,10,"{'Q': 1, 'R': 4, 'S': 2, 'T': 0, 'H': 0, 'M': 0}","{'Y': 0, 'A': 9, 'B': 1, 'D': 0, 'E': 0, 'G': 0, 'I': 0, 'K': 0, 'L': 0, 'N': 0, 'O': 0, 'U': 0, 'V': 0, 'W': 0, 'X': 0}",2023-12-12 11:52:00,2023-12-13 2:32:00,On Time
INV-ZZ-3954363,SCH-ZZ-7873449,2432,Airbus A321-200,LKO,IDR,200,224,211,11,13,20,40,60,80,23,22,-2,1,"{'F': 1, 'P': 0}",47,44,-4,3,"{'C': 0, 'J': 3, 'Z': 0}",67,63,-3,4,94,88,-8,6,"{'Q': 4, 'R': 0, 'S': 0, 'T': 0, 'H': 0, 'M': 0}","{'Y': 6, 'A': 0, 'B': 0, 'D': 0, 'E': 0, 'G': 0, 'I': 0, 'K': 0, 'L': 0, 'N': 0, 'O': 0, 'U': 0, 'V': 0, 'W': 0, 'X': 0}",2023-12-17 11:52:00,2023-12-18 2:32:00,On Time
INV-ZZ-4162301,SCH-ZZ-1430826,2008,Boeing 717,GAU,LKO,100,114,105,5,9,10,20,30,40,11,10,0,1,"{'F': 0, 'P': 1}",23,21,-1,2,"{'C': 0, 'J': 0, 'Z': 2}",34,31,-1,3,46,42,-2,4,"{'Q': 1, 'R': 0, 'S': 2, 'T': 0, 'H': 0, 'M': 0}","{'Y': 0, 'A': 3, 'B': 0, 'D': 0, 'E': 0, 'G': 0, 'I': 1, 'K': 0, 'L': 0, 'N': 0, 'O': 0, 'U': 0, 'V': 0, 'W': 0, 'X': 0}",2023-12-14 22:15:00,2023-12-15 12:46:00,On Time
INV-ZZ-5279186,SCH-ZZ-1430826,2008,Boeing 717,GAU,LKO,100,114,107,7,7,10,20,30,40,11,10,0,1,"{'F': 0, 'P': 1}",23,22,-2,1,"{'C': 1, 'J': 0, 'Z': 0}",36,34,-4,2,45,42,-2,3,"{'Q': 0, 'R': 2, 'S': 0, 'T': 0, 'H': 0, 'M': 0}","{'Y': 2, 'A': 0, 'B': 1, 'D': 0, 'E': 0, 'G': 0, 'I': 0, 'K': 0, 'L': 0, 'N': 0, 'O': 0, 'U': 0, 'V': 0, 'W': 0, 'X': 0}",2023-12-15 22:15:00,2023-12-16 12:46:00,Cancelled
INV-ZZ-8034577,SCH-ZZ-1430826,2008,Boeing 717,GAU,LKO,100,118,105,5,13,10,20,30,40,12,11,-1,1,"{'F': 0, 'P': 1}",22,20,0,2,"{'C': 2, 'J': 0, 'Z': 0}",35,31,-1,4,45,40,0,5,"{'Q': 3, 'R': 1, 'S': 0, 'T': 0, 'H': 0, 'M': 0}","{'Y': 1, 'A': 2, 'B': 2, 'D': 0, 'E': 0, 'G': 0, 'I': 0, 'K': 0, 'L': 0, 'N': 0, 'O': 0, 'U': 0, 'V': 0, 'W': 0, 'X': 0}",2023-12-16 22:15:00,2023-12-17 12:46:00,On Time
INV-ZZ-4449322,SCH-ZZ-1430826,2008,Boeing 717,GAU,LKO,100,118,97,-3,21,10,20,30,40,12,10,0,2,"{'F': 1, 'P': 1}",23,19,1,4,"{'C': 2, 'J': 2, 'Z': 0}",34,28,2,6,47,39,1,8,"{'Q': 5, 'R': 0, 'S': 0, 'T': 0, 'H': 1, 'M': 0}","{'Y': 2, 'A': 1, 'B': 3, 'D': 0, 'E': 2, 'G': 0, 'I': 0, 'K': 0, 'L': 0, 'N': 0, 'O': 0, 'U': 0, 'V': 0, 'W': 0, 'X': 0}",2023-12-17 22:15:00,2023-12-18 12:46:00,On Time
INV-ZZ-5515021,SCH-ZZ-1430826,2008,Boeing 717,GAU,LKO,100,118,103,3,15,10,20,30,40,11,10,0,1,"{'F': 0, 'P': 1}",24,21,-1,3,"{'C': 1, 'J': 2, 'Z': 0}",34,30,0,4,46,40,0,6,"{'Q': 1, 'R': 0, 'S': 3, 'T': 0, 'H': 0, 'M': 0}","{'Y': 6, 'A': 0, 'B': 0, 'D': 0, 'E': 0, 'G': 0, 'I': 0, 'K': 0, 'L': 0, 'N': 0, 'O': 0, 'U': 0, 'V': 0, 'W': 0, 'X': 0}",2023-12-18 22:15:00,2023-12-19 12:46:00,On Time
INV-ZZ-1529206,SCH-ZZ-1430826,2008,Boeing 717,GAU,LKO,100,116,100,0,16,10,20,30,40,12,10,0,2,"{'F': 1, 'P': 1}",22,19,1,3,"{'C': 1, 'J': 0, 'Z': 2}",34,29,1,5,48,41,-1,7,"{'Q': 3, 'R': 1, 'S': 1, 'T': 0, 'H': 0, 'M': 0}","{'Y': 1, 'A': 5, 'B': 0, 'D': 1, 'E': 0, 'G': 0, 'I': 0, 'K': 0, 'L': 0, 'N': 0, 'O': 0, 'U': 0, 'V': 0, 'W': 0, 'X': 0}",2023-12-19 22:15:00,2023-12-20 12:46:00,On Time
INV-ZZ-1569619,SCH-ZZ-1430826,2008,Boeing 717,GAU,LKO,100,112,102,2,10,10,20,30,40,12,11,-1,1,"{'F': 1, 'P': 0}",23,21,-1,2,"{'C': 0, 'J': 2, 'Z': 0}",34,31,-1,3,46,42,-2,4,"{'Q': 2, 'R': 0, 'S': 1, 'T': 0, 'H': 0, 'M': 0}","{'Y': 4, 'A': 0, 'B': 0, 'D': 0, 'E': 0, 'G': 0, 'I': 0, 'K': 0, 'L': 0, 'N': 0, 'O': 0, 'U': 0, 'V': 0, 'W': 0, 'X': 0}",2023-12-21 22:15:00,2023-12-22 12:46:00,On Time
INV-ZZ-8604755,SCH-ZZ-3966909,4262,Boeing 777-300,TRV,PNQ,360,397,335,-25,62,36,72,108,144,43,36,0,7,"{'F': 2, 'P': 5}",83,70,2,13,"{'C': 6, 'J': 0, 'Z': 7}",124,105,3,19,166,140,4,26,"{'Q': 10, 'R': 6, 'S': 0, 'T': 2, 'H': 1, 'M': 0}","{'Y': 21, 'A': 1, 'B': 4, 'D': 0, 'E': 0, 'G': 0, 'I': 0, 'K': 0, 'L': 0, 'N': 0, 'O': 0, 'U': 0, 'V': 0, 'W': 0, 'X': 0}",2023-12-18 4:47:00,2023-12-18 17:50:00,On Time
INV-ZZ-1880570,SCH-ZZ-3966909,4262,Boeing 777-300,TRV,PNQ,360,422,393,33,29,36,72,108,144,40,37,-1,3,"{'F': 2, 'P': 1}",81,75,-3,6,"{'C': 5, 'J': 1, 'Z': 0}",127,118,-10,9,164,153,-9,11,"{'Q': 9, 'R': 0, 'S': 0, 'T': 0, 'H': 0, 'M': 0}","{'Y': 2, 'A': 0, 'B': 7, 'D': 2, 'E': 0, 'G': 0, 'I': 0, 'K': 0, 'L': 0, 'N': 0, 'O': 0, 'U': 0, 'V': 0, 'W': 0, 'X': 0}",2023-12-22 4:47:00,2023-12-22 17:50:00,On Time
INV-ZZ-4729817,SCH-ZZ-3966909,4262,Boeing 777-300,TRV,PNQ,360,412,360,0,52,36,72,108,144,41,36,0,5,"{'F': 1, 'P': 4}",86,75,-3,11,"{'C': 6, 'J': 3, 'Z': 2}",120,105,3,15,166,145,-1,21,"{'Q': 11, 'R': 0, 'S': 0, 'T': 4, 'H': 0, 'M': 0}","{'Y': 15, 'A': 6, 'B': 0, 'D': 0, 'E': 0, 'G': 0, 'I': 0, 'K': 0, 'L': 0, 'N': 0, 'O': 0, 'U': 0, 'V': 0, 'W': 0, 'X': 0}",2023-12-23 4:47:00,2023-12-23 17:50:00,On Time
INV-ZZ-2167606,SCH-ZZ-3966909,4262,Boeing 777-300,TRV,PNQ,360,426,364,4,62,36,72,108,144,41,35,1,6,"{'F': 0, 'P': 6}",82,70,2,12,"{'C': 12, 'J': 0, 'Z': 0}",122,104,4,18,172,147,-3,25,"{'Q': 15, 'R': 0, 'S': 1, 'T': 0, 'H': 0, 'M': 2}","{'Y': 16, 'A': 1, 'B': 1, 'D': 1, 'E': 5, 'G': 1, 'I': 0, 'K': 0, 'L': 0, 'N': 0, 'O': 0, 'U': 0, 'V': 0, 'W': 0, 'X': 0}",2023-12-24 4:47:00,2023-12-24 17:50:00,On Time
INV-ZZ-5038220,SCH-ZZ-3966909,4262,Boeing 777-300,TRV,PNQ,360,412,333,-27,79,36,72,108,144,40,32,4,8,"{'F': 6, 'P': 2}",86,70,2,16,"{'C': 1, 'J': 13, 'Z': 2}",119,96,12,23,170,137,7,33,"{'Q': 0, 'R': 9, 'S': 1, 'T': 7, 'H': 6, 'M': 0}","{'Y': 22, 'A': 2, 'B': 8, 'D': 1, 'E': 0, 'G': 0, 'I': 0, 'K': 0, 'L': 0, 'N': 0, 'O': 0, 'U': 0, 'V': 0, 'W': 0, 'X': 0}",2023-12-25 4:47:00,2023-12-25 17:50:00,On Time
INV-ZZ-8375635,SCH-ZZ-3537600,4913,BAe 146,MAA,IDR,91,101,83,-8,18,9,18,27,36,11,9,0,2,"{'F': 0, 'P': 2}",20,16,2,4,"{'C': 2, 'J': 1, 'Z': 1}",31,25,2,6,43,35,1,8,"{'Q': 4, 'R': 0, 'S': 1, 'T': 0, 'H': 1, 'M': 0}","{'Y': 0, 'A': 6, 'B': 1, 'D': 0, 'E': 0, 'G': 1, 'I': 0, 'K': 0, 'L': 0, 'N': 0, 'O': 0, 'U': 0, 'V': 0, 'W': 0, 'X': 0}",2023-12-27 20:41:00,2023-12-28 16:18:00,On Time
INV-ZZ-5134950,SCH-ZZ-3537600,4913,BAe 146,MAA,IDR,91,106,87,-4,19,9,18,27,36,10,8,1,2,"{'F': 1, 'P': 1}",20,16,2,4,"{'C': 0, 'J': 4, 'Z': 0}",31,25,2,6,42,35,1,7,"{'Q': 0, 'R': 4, 'S': 1, 'T': 1, 'H': 0, 'M': 0}","{'Y': 3, 'A': 0, 'B': 1, 'D': 2, 'E': 1, 'G': 0, 'I': 0, 'K': 0, 'L': 0, 'N': 0, 'O': 0, 'U': 0, 'V': 0, 'W': 0, 'X': 0}",2023-12-30 20:41:00,2023-12-31 16:18:00,On Time
INV-ZZ-6866289,SCH-ZZ-4493283,2885,Boeing 757,PAT,COK,209,242,207,-2,35,20,41,62,83,24,21,-1,3,"{'F': 0, 'P': 3}",49,42,-1,7,"{'C': 4, 'J': 0, 'Z': 3}",72,62,0,10,99,85,-2,14,"{'Q': 7, 'R': 2, 'S': 1, 'T': 0, 'H': 0, 'M': 0}","{'Y': 11, 'A': 3, 'B': 0, 'D': 0, 'E': 0, 'G': 0, 'I': 0, 'K': 0, 'L': 0, 'N': 0, 'O': 0, 'U': 0, 'V': 0, 'W': 0, 'X': 0}",2023-12-29 4:44:00,2023-12-29 13:35:00,On Time
INV-ZZ-5376283,SCH-ZZ-4493283,2885,Boeing 757,PAT,COK,209,231,196,-13,35,20,41,62,83,24,20,0,4,"{'F': 4, 'P': 0}",47,40,1,7,"{'C': 7, 'J': 0, 'Z': 0}",68,58,4,10,99,84,-1,15,"{'Q': 9, 'R': 0, 'S': 1, 'T': 0, 'H': 0, 'M': 0}","{'Y': 7, 'A': 4, 'B': 1, 'D': 3, 'E': 0, 'G': 0, 'I': 0, 'K': 0, 'L': 0, 'N': 0, 'O': 0, 'U': 0, 'V': 0, 'W': 0, 'X': 0}",2023-12-30 4:44:00,2023-12-30 13:35:00,On Time
INV-ZZ-6069272,SCH-ZZ-4493283,2885,Boeing 757,PAT,COK,209,236,202,-7,34,20,41,62,83,22,19,1,3,"{'F': 3, 'P': 0}",48,41,0,7,"{'C': 7, 'J': 0, 'Z': 0}",72,62,0,10,92,79,4,13,"{'Q': 0, 'R': 5, 'S': 4, 'T': 0, 'H': 0, 'M': 1}","{'Y': 0, 'A': 5, 'B': 7, 'D': 1, 'E': 0, 'G': 0, 'I': 0, 'K': 0, 'L': 0, 'N': 0, 'O': 0, 'U': 0, 'V': 0, 'W': 0, 'X': 0}",2023-12-31 4:44:00,2023-12-31 13:35:00,On Time
INV-ZZ-1004193,SCH-ZZ-4493283,2885,Boeing 757,PAT,COK,209,238,200,-9,38,20,41,62,83,22,19,1,3,"{'F': 2, 'P': 1}",48,40,1,8,"{'C': 6, 'J': 1, 'Z': 1}",74,62,0,12,92,77,6,15,"{'Q': 0, 'R': 10, 'S': 2, 'T': 0, 'H': 0, 'M': 0}","{'Y': 14, 'A': 0, 'B': 1, 'D': 0, 'E': 0, 'G': 0, 'I': 0, 'K': 0, 'L': 0, 'N': 0, 'O': 0, 'U': 0, 'V': 0, 'W': 0, 'X': 0}",2024-01-01 4:44:00,2024-01-01 13:35:00,On Time
INV-ZZ-2219734,SCH-ZZ-4493283,2885,Boeing 757,PAT,COK,209,238,204,-5,34,20,41,62,83,23,20,0,3,"{'F': 3, 'P': 0}",48,41,0,7,"{'C': 3, 'J': 0, 'Z': 4}",74,64,-2,10,99,85,-2,14,"{'Q': 8, 'R': 2, 'S': 0, 'T': 0, 'H': 0, 'M': 0}","{'Y': 12, 'A': 1, 'B': 1, 'D': 0, 'E': 0, 'G': 0, 'I': 0, 'K': 0, 'L': 0, 'N': 0, 'O': 0, 'U': 0, 'V': 0, 'W': 0, 'X': 0}",2024-01-03 4:44:00,2024-01-03 13:35:00,On Time
INV-ZZ-8740997,SCH-ZZ-1238701,3768,Boeing 717,PAT,PNQ,100,118,109,9,9,10,20,30,40,12,11,-1,1,"{'F': 1, 'P': 0}",22,20,0,2,"{'C': 1, 'J': 1, 'Z': 0}",36,33,-3,3,45,42,-2,3,"{'Q': 0, 'R': 2, 'S': 1, 'T': 0, 'H': 0, 'M': 0}","{'Y': 2, 'A': 1, 'B': 0, 'D': 0, 'E': 0, 'G': 0, 'I': 0, 'K': 0, 'L': 0, 'N': 0, 'O': 0, 'U': 0, 'V': 0, 'W': 0, 'X': 0}",2023-12-21 15:18:00,2023-12-22 13:59:00,On Time
INV-ZZ-4944518,SCH-ZZ-1238701,3768,Boeing 717,PAT,PNQ,100,113,93,-7,20,10,20,30,40,11,9,1,2,"{'F': 1, 'P': 1}",23,19,1,4,"{'C': 2, 'J': 1, 'Z': 1}",34,28,2,6,45,37,3,8,"{'Q': 0, 'R': 0, 'S': 2, 'T': 1, 'H': 0, 'M': 3}","{'Y': 7, 'A': 1, 'B': 0, 'D': 0, 'E': 0, 'G': 0, 'I': 0, 'K': 0, 'L': 0, 'N': 0, 'O': 0, 'U': 0, 'V': 0, 'W': 0, 'X': 0}",2023-12-22 15:18:00,2023-12-23 13:59:00,On Time
INV-ZZ-6603237,SCH-ZZ-1238701,3768,Boeing 717,PAT,PNQ,100,114,104,4,10,10,20,30,40,12,11,-1,1,"{'F': 0, 'P': 1}",23,21,-1,2,"{'C': 2, 'J': 0, 'Z': 0}",33,30,0,3,46,42,-2,4,"{'Q': 3, 'R': 0, 'S': 0, 'T': 0, 'H': 0, 'M': 0}","{'Y': 2, 'A': 1, 'B': 1, 'D': 0, 'E': 0, 'G': 0, 'I': 0, 'K': 0, 'L': 0, 'N': 0, 'O': 0, 'U': 0, 'V': 0, 'W': 0, 'X': 0}",2023-12-24 15:18:00,2023-12-25 13:59:00,On Time
INV-ZZ-7425182,SCH-ZZ-1238701,3768,Boeing 717,PAT,PNQ,100,113,91,-9,22,10,20,30,40,12,10,0,2,"{'F': 1, 'P': 1}",23,19,1,4,"{'C': 0, 'J': 2, 'Z': 2}",35,28,2,7,44,35,5,9,"{'Q': 3, 'R': 4, 'S': 0, 'T': 0, 'H': 0, 'M': 0}","{'Y': 1, 'A': 2, 'B': 2, 'D': 4, 'E': 0, 'G': 0, 'I': 0, 'K': 0, 'L': 0, 'N': 0, 'O': 0, 'U': 0, 'V': 0, 'W': 0, 'X': 0}",2023-12-26 15:18:00,2023-12-27 13:59:00,On Time
INV-ZZ-7441928,SCH-ZZ-1238701,3768,Boeing 717,PAT,PNQ,100,110,92,-8,18,10,20,30,40,12,10,0,2,"{'F': 0, 'P': 2}",23,19,1,4,"{'C': 0, 'J': 4, 'Z': 0}",34,28,2,6,47,39,1,8,"{'Q': 4, 'R': 0, 'S': 1, 'T': 0, 'H': 0, 'M': 1}","{'Y': 5, 'A': 0, 'B': 2, 'D': 0, 'E': 0, 'G': 0, 'I': 1, 'K': 0, 'L': 0, 'N': 0, 'O': 0, 'U': 0, 'V': 0, 'W': 0, 'X': 0}",2023-12-27 15:18:00,2023-12-28 13:59:00,On Time
INV-ZZ-9925271,SCH-ZZ-1238701,3768,Boeing 717,PAT,PNQ,100,116,100,0,16,10,20,30,40,11,10,0,1,"{'F': 0, 'P': 1}",23,20,0,3,"{'C': 2, 'J': 0, 'Z': 1}",34,29,1,5,46,40,0,6,"{'Q': 3, 'R': 2, 'S': 0, 'T': 0, 'H': 0, 'M': 0}","{'Y': 0, 'A': 1, 'B': 4, 'D': 0, 'E': 0, 'G': 0, 'I': 1, 'K': 0, 'L': 0, 'N': 0, 'O': 0, 'U': 0, 'V': 0, 'W': 0, 'X': 0}",2023-12-28 15:18:00,2023-12-29 13:59:00,On Time
INV-ZZ-9128794,SCH-ZZ-1238701,3768,Boeing 717,PAT,PNQ,100,114,92,-8,22,10,20,30,40,11,9,1,2,"{'F': 0, 'P': 2}",23,19,1,4,"{'C': 2, 'J': 2, 'Z': 0}",33,27,3,6,45,37,3,8,"{'Q': 2, 'R': 4, 'S': 0, 'T': 0, 'H': 0, 'M': 0}","{'Y': 2, 'A': 0, 'B': 6, 'D': 0, 'E': 0, 'G': 0, 'I': 0, 'K': 0, 'L': 0, 'N': 0, 'O': 0, 'U': 0, 'V': 0, 'W': 0, 'X': 0}",2023-12-29 15:18:00,2023-12-30 13:59:00,On Time
INV-ZZ-4710578,SCH-ZZ-1238701,3768,Boeing 717,PAT,PNQ,100,112,96,-4,16,10,20,30,40,12,10,0,2,"{'F': 2, 'P': 0}",22,19,1,3,"{'C': 2, 'J': 1, 'Z': 0}",34,29,1,5,45,38,2,7,"{'Q': 2, 'R': 2, 'S': 0, 'T': 0, 'H': 0, 'M': 1}","{'Y': 5, 'A': 1, 'B': 1, 'D': 0, 'E': 0, 'G': 0, 'I': 0, 'K': 0, 'L': 0, 'N': 0, 'O': 0, 'U': 0, 'V': 0, 'W': 0, 'X': 0}",2023-12-31 15:18:00,2024-01-01 13:59:00,On Time
INV-ZZ-3278407,SCH-ZZ-6640588,2752,Boeing 777,JAI,BOM,425,477,464,39,13,42,85,127,170,48,47,-5,1,"{'F': 0, 'P': 1}",101,98,-13,3,"{'C': 3, 'J': 0, 'Z': 0}",151,147,-20,4,191,186,-16,5,"{'Q': 2, 'R': 0, 'S': 2, 'T': 0, 'H': 0, 'M': 0}","{'Y': 2, 'A': 3, 'B': 0, 'D': 0, 'E': 0, 'G': 0, 'I': 0, 'K': 0, 'L': 0, 'N': 0, 'O': 0, 'U': 0, 'V': 0, 'W': 0, 'X': 0}",2023-12-07 11:47:00,2023-12-07 17:27:00,On Time
INV-ZZ-4555543,SCH-ZZ-6640588,2752,Boeing 777,JAI,BOM,425,477,443,18,34,42,85,127,170,48,45,-3,3,"{'F': 0, 'P': 3}",96,89,-4,7,"{'C': 1, 'J': 1, 'Z': 5}",147,136,-9,11,193,179,-9,14,"{'Q': 9, 'R': 0, 'S': 0, 'T': 0, 'H': 1, 'M': 1}","{'Y': 5, 'A': 1, 'B': 2, 'D': 6, 'E': 0, 'G': 0, 'I': 0, 'K': 0, 'L': 0, 'N': 0, 'O': 0, 'U': 0, 'V': 0, 'W': 0, 'X': 0}",2023-12-09 11:47:00,2023-12-09 17:27:00,Cancelled
INV-ZZ-4390806,SCH-ZZ-6640588,2752,Boeing 777,JAI,BOM,425,507,432,7,75,42,85,127,170,47,40,2,7,"{'F': 5, 'P': 2}",95,81,4,14,"{'C': 11, 'J': 1, 'Z': 2}",144,123,4,21,193,164,6,29,"{'Q': 17, 'R': 0, 'S': 0, 'T': 0, 'H': 1, 'M': 3}","{'Y': 1, 'A': 18, 'B': 10, 'D': 0, 'E': 0, 'G': 0, 'I': 0, 'K': 0, 'L': 0, 'N': 0, 'O': 0, 'U': 0, 'V': 0, 'W': 0, 'X': 0}",2023-12-11 11:47:00,2023-12-11 17:27:00,On Time
INV-ZZ-8284959,SCH-ZZ-6640588,2752,Boeing 777,JAI,BOM,425,475,398,-27,77,42,85,127,170,49,41,1,8,"{'F': 2, 'P': 6}",98,82,3,16,"{'C': 2, 'J': 10, 'Z': 4}",147,123,4,24,203,170,0,33,"{'Q': 23, 'R': 1, 'S': 0, 'T': 0, 'H': 0, 'M': 0}","{'Y': 20, 'A': 2, 'B': 4, 'D': 0, 'E': 2, 'G': 3, 'I': 2, 'K': 0, 'L': 0, 'N': 0, 'O': 0, 'U': 0, 'V': 0, 'W': 0, 'X': 0}",2023-12-12 11:47:00,2023-12-12 17:27:00,On Time
INV-ZZ-4743165,SCH-ZZ-6640588,2752,Boeing 777,JAI,BOM,425,476,444,19,32,42,85,127,170,49,46,-4,3,"{'F': 0, 'P': 3}",96,90,-5,6,"{'C': 3, 'J': 1, 'Z': 2}",152,142,-15,10,198,185,-15,13,"{'Q': 2, 'R': 0, 'S': 5, 'T': 0, 'H': 0, 'M': 3}","{'Y': 5, 'A': 7, 'B': 0, 'D': 0, 'E': 0, 'G': 1, 'I': 0, 'K': 0, 'L': 0, 'N': 0, 'O': 0, 'U': 0, 'V': 0, 'W': 0, 'X': 0}",2023-12-14 11:47:00,2023-12-14 17:27:00,On Time
INV-ZZ-5867641,SCH-ZZ-6640588,2752,Boeing 777,JAI,BOM,425,497,439,14,58,42,85,127,170,49,43,-1,6,"{'F': 5, 'P': 1}",100,88,-3,12,"{'C': 1, 'J': 9, 'Z': 2}",151,133,-6,18,191,169,1,22,"{'Q': 6, 'R': 6, 'S': 4, 'T': 0, 'H': 2, 'M': 0}","{'Y': 1, 'A': 13, 'B': 8, 'D': 0, 'E': 0, 'G': 0, 'I': 0, 'K': 0, 'L': 0, 'N': 0, 'O': 0, 'U': 0, 'V': 0, 'W': 0, 'X': 0}",2023-12-16 11:47:00,2023-12-16 17:27:00,On Time
INV-ZZ-9399557,SCH-ZZ-6640588,2752,Boeing 777,JAI,BOM,425,480,449,24,31,42,85,127,170,50,47,-5,3,"{'F': 1, 'P': 2}",101,94,-9,7,"{'C': 3, 'J': 2, 'Z': 2}",142,133,-6,9,195,182,-12,13,"{'Q': 4, 'R': 3, 'S': 2, 'T': 0, 'H': 0, 'M': 0}","{'Y': 1, 'A': 9, 'B': 0, 'D': 3, 'E': 0, 'G': 0, 'I': 0, 'K': 0, 'L': 0, 'N': 0, 'O': 0, 'U': 0, 'V': 0, 'W': 0, 'X': 0}",2023-12-09 22:50:00,2023-12-09 3:27:00,On Time
INV-ZZ-2185698,SCH-ZZ-6640588,2752,Boeing 777,JAI,BOM,425,496,408,-17,88,42,85,127,170,49,40,2,9,"{'F': 0, 'P': 9}",94,77,8,17,"{'C': 5, 'J': 6, 'Z': 6}",141,116,11,25,203,167,3,36,"{'Q': 2, 'R': 17, 'S': 4, 'T': 1, 'H': 1, 'M': 0}","{'Y': 2, 'A': 13, 'B': 13, 'D': 0, 'E': 2, 'G': 4, 'I': 1, 'K': 1, 'L': 0, 'N': 0, 'O': 0, 'U': 0, 'V': 0, 'W': 0, 'X': 0}",2023-12-19 11:47:00,2023-12-19 17:27:00,On Time
INV-ZZ-8729559,SCH-ZZ-6640588,2752,Boeing 777,JAI,BOM,425,492,436,11,56,42,85,127,170,46,41,1,5,"{'F': 5, 'P': 0}",95,84,1,11,"{'C': 0, 'J': 4, 'Z': 7}",148,131,-4,17,203,180,-10,23,"{'Q': 6, 'R': 5, 'S': 5, 'T': 0, 'H': 1, 'M': 0}","{'Y': 5, 'A': 11, 'B': 1, 'D': 1, 'E': 2, 'G': 2, 'I': 0, 'K': 0, 'L': 1, 'N': 0, 'O': 0, 'U': 0, 'V': 0, 'W': 0, 'X': 0}",2023-12-21 11:47:00,2023-12-21 17:27:00,On Time
INV-ZZ-5077896,SCH-ZZ-8515821,4838,Boeing 787,DEL,GAU,270,301,260,-10,41,27,54,81,108,31,27,0,4,"{'F': 2, 'P': 2}",62,54,0,8,"{'C': 2, 'J': 0, 'Z': 6}",92,80,1,12,121,105,3,16,"{'Q': 7, 'R': 2, 'S': 3, 'T': 0, 'H': 0, 'M': 0}","{'Y': 8, 'A': 6, 'B': 0, 'D': 2, 'E': 0, 'G': 0, 'I': 0, 'K': 0, 'L': 0, 'N': 0, 'O': 0, 'U': 0, 'V': 0, 'W': 0, 'X': 0}",2023-12-14 19:22:00,2023-12-14 22:39:00,Cancelled
INV-ZZ-2172300,SCH-ZZ-8515821,4838,Boeing 787,DEL,GAU,270,298,265,-5,33,27,54,81,108,32,28,-1,4,"{'F': 4, 'P': 0}",60,53,1,7,"{'C': 7, 'J': 0, 'Z': 0}",96,85,-4,11,121,108,0,13,"{'Q': 7, 'R': 2, 'S': 1, 'T': 0, 'H': 0, 'M': 1}","{'Y': 12, 'A': 1, 'B': 0, 'D': 0, 'E': 0, 'G': 0, 'I': 0, 'K': 0, 'L': 0, 'N': 0, 'O': 0, 'U': 0, 'V': 0, 'W': 0, 'X': 0}",2023-12-18 19:22:00,2023-12-18 22:39:00,On Time
INV-ZZ-8636981,SCH-ZZ-9131256,3869,Airbus A320 Neo,HYD,CJB,180,210,169,-11,41,18,36,54,72,21,17,1,4,"{'F': 1, 'P': 3}",41,33,3,8,"{'C': 0, 'J': 0, 'Z': 8}",59,47,7,12,85,68,4,17,"{'Q': 5, 'R': 6, 'S': 1, 'T': 0, 'H': 0, 'M': 0}","{'Y': 3, 'A': 0, 'B': 5, 'D': 9, 'E': 0, 'G': 0, 'I': 0, 'K': 0, 'L': 0, 'N': 0, 'O': 0, 'U': 0, 'V': 0, 'W': 0, 'X': 0}",2023-12-21 10:10:00,2023-12-22 10:06:00,On Time
INV-ZZ-6462152,SCH-ZZ-9131256,3869,Airbus A320 Neo,HYD,CJB,180,208,191,11,17,18,36,54,72,20,18,0,2,"{'F': 0, 'P': 2}",42,38,-2,4,"{'C': 4, 'J': 0, 'Z': 0}",62,57,-3,5,80,73,-1,7,"{'Q': 1, 'R': 3, 'S': 0, 'T': 0, 'H': 0, 'M': 1}","{'Y': 4, 'A': 3, 'B': 0, 'D': 0, 'E': 0, 'G': 0, 'I': 0, 'K': 0, 'L': 0, 'N': 0, 'O': 0, 'U': 0, 'V': 0, 'W': 0, 'X': 0}",2023-12-22 10:10:00,2023-12-23 10:06:00,On Time
INV-ZZ-2817560,SCH-ZZ-9131256,3869,Airbus A320 Neo,HYD,CJB,180,211,177,-3,34,18,36,54,72,21,18,0,3,"{'F': 3, 'P': 0}",43,36,0,7,"{'C': 0, 'J': 2, 'Z': 5}",63,53,1,10,82,69,3,13,"{'Q': 8, 'R': 2, 'S': 0, 'T': 0, 'H': 0, 'M': 0}","{'Y': 8, 'A': 1, 'B': 1, 'D': 1, 'E': 2, 'G': 0, 'I': 0, 'K': 0, 'L': 0, 'N': 0, 'O': 0, 'U': 0, 'V': 0, 'W': 0, 'X': 0}",2023-12-24 10:10:00,2023-12-25 10:06:00,On Time
INV-ZZ-6643630,SCH-ZZ-9131256,3869,Airbus A320 Neo,HYD,CJB,180,212,177,-3,35,18,36,54,72,21,18,0,3,"{'F': 0, 'P': 3}",42,35,1,7,"{'C': 5, 'J': 2, 'Z': 0}",61,51,3,10,84,70,2,14,"{'Q': 6, 'R': 1, 'S': 2, 'T': 1, 'H': 0, 'M': 0}","{'Y': 2, 'A': 10, 'B': 1, 'D': 1, 'E': 0, 'G': 0, 'I': 0, 'K': 0, 'L': 0, 'N': 0, 'O': 0, 'U': 0, 'V': 0, 'W': 0, 'X': 0}",2023-12-26 10:10:00,2023-12-27 10:06:00,On Time
INV-ZZ-7701109,SCH-ZZ-9131256,3869,Airbus A320 Neo,HYD,CJB,180,198,164,-16,34,18,36,54,72,21,17,1,4,"{'F': 2, 'P': 2}",40,33,3,7,"{'C': 2, 'J': 3, 'Z': 2}",60,50,4,10,81,67,5,14,"{'Q': 4, 'R': 1, 'S': 4, 'T': 1, 'H': 0, 'M': 0}","{'Y': 14, 'A': 0, 'B': 0, 'D': 0, 'E': 0, 'G': 0, 'I': 0, 'K': 0, 'L': 0, 'N': 0, 'O': 0, 'U': 0, 'V': 0, 'W': 0, 'X': 0}",2023-12-27 10:10:00,2023-12-28 10:06:00,On Time
INV-ZZ-1490701,SCH-ZZ-9131256,3869,Airbus A320 Neo,HYD,CJB,180,214,179,-1,35,18,36,54,72,20,17,1,3,"{'F': 3, 'P': 0}",41,34,2,7,"{'C': 7, 'J': 0, 'Z': 0}",64,54,0,10,83,70,2,13,"{'Q': 10, 'R': 0, 'S': 0, 'T': 0, 'H': 0, 'M': 0}","{'Y': 3, 'A': 3, 'B': 0, 'D': 2, 'E': 3, 'G': 0, 'I': 2, 'K': 0, 'L': 0, 'N': 0, 'O': 0, 'U': 0, 'V': 0, 'W': 0, 'X': 0}",2023-12-28 10:10:00,2023-12-29 10:06:00,On Time
INV-ZZ-2651183,SCH-ZZ-5438667,3597,Airbus A321-200,CJB,AMD,200,220,177,-23,43,20,40,60,80,24,19,1,5,"{'F': 2, 'P': 3}",44,35,5,9,"{'C': 6, 'J': 2, 'Z': 1}",72,58,2,14,92,74,6,18,"{'Q': 8, 'R': 1, 'S': 3, 'T': 0, 'H': 2, 'M': 0}","{'Y': 5, 'A': 3, 'B': 8, 'D': 1, 'E': 1, 'G': 0, 'I': 0, 'K': 0, 'L': 0, 'N': 0, 'O': 0, 'U': 0, 'V': 0, 'W': 0, 'X': 0}",2023-12-26 22:54:00,2023-12-27 15:04:00,On Time
INV-ZZ-5508625,SCH-ZZ-5438667,3597,Airbus A321-200,CJB,AMD,200,238,213,13,25,20,40,60,80,24,21,-1,3,"{'F': 2, 'P': 1}",48,43,-3,5,"{'C': 0, 'J': 1, 'Z': 4}",67,60,0,7,93,83,-3,10,"{'Q': 7, 'R': 0, 'S': 0, 'T': 0, 'H': 0, 'M': 0}","{'Y': 0, 'A': 1, 'B': 6, 'D': 2, 'E': 0, 'G': 0, 'I': 0, 'K': 0, 'L': 0, 'N': 1, 'O': 0, 'U': 0, 'V': 0, 'W': 0, 'X': 0}",2024-01-02 22:54:00,2024-01-03 15:04:00,On Time
INV-ZZ-8516342,SCH-ZZ-7813337,3694,Boeing 777-300,IDR,BBI,360,413,360,0,53,36,72,108,144,43,37,-1,6,"{'F': 3, 'P': 3}",84,73,-1,11,"{'C': 11, 'J': 0, 'Z': 0}",122,106,2,16,171,149,-5,22,"{'Q': 14, 'R': 1, 'S': 1, 'T': 0, 'H': 0, 'M': 0}","{'Y': 21, 'A': 1, 'B': 0, 'D': 0, 'E': 0, 'G': 0, 'I': 0, 'K': 0, 'L': 0, 'N': 0, 'O': 0, 'U': 0, 'V': 0, 'W': 0, 'X': 0}",2023-12-15 17:02:00,2023-12-16 8:13:00,On Time
INV-ZZ-7260306,SCH-ZZ-7813337,3694,Boeing 777-300,IDR,BBI,360,430,396,36,34,36,72,108,144,41,38,-2,3,"{'F': 3, 'P': 0}",85,78,-6,7,"{'C': 0, 'J': 2, 'Z': 5}",121,112,-4,9,159,147,-3,12,"{'Q': 1, 'R': 8, 'S': 0, 'T': 0, 'H': 0, 'M': 0}","{'Y': 8, 'A': 3, 'B': 0, 'D': 1, 'E': 0, 'G': 0, 'I': 0, 'K': 0, 'L': 0, 'N': 0, 'O': 0, 'U': 0, 'V': 0, 'W': 0, 'X': 0}",2023-12-18 17:02:00,2023-12-19 8:13:00,On Time
INV-ZZ-6371743,SCH-ZZ-7813337,3694,Boeing 777-300,IDR,BBI,360,426,365,5,61,36,72,108,144,41,35,1,6,"{'F': 3, 'P': 3}",82,70,2,12,"{'C': 5, 'J': 7, 'Z': 0}",126,108,0,18,168,144,0,24,"{'Q': 18, 'R': 0, 'S': 0, 'T': 0, 'H': 0, 'M': 0}","{'Y': 11, 'A': 12, 'B': 1, 'D': 0, 'E': 0, 'G': 0, 'I': 0, 'K': 0, 'L': 0, 'N': 0, 'O': 0, 'U': 0, 'V': 0, 'W': 0, 'X': 0}",2023-12-19 17:02:00,2023-12-20 8:13:00,On Time
INV-ZZ-5998031,SCH-ZZ-7813337,3694,Boeing 777-300,IDR,BBI,360,407,364,4,43,36,72,108,144,43,38,-2,5,"{'F': 0, 'P': 5}",81,72,0,9,"{'C': 1, 'J': 1, 'Z': 7}",122,109,-1,13,163,146,-2,17,"{'Q': 9, 'R': 3, 'S': 1, 'T': 0, 'H': 0, 'M': 0}","{'Y': 5, 'A': 1, 'B': 7, 'D': 1, 'E': 0, 'G': 1, 'I': 0, 'K': 1, 'L': 0, 'N': 1, 'O': 0, 'U': 0, 'V': 0, 'W': 0, 'X': 0}",2023-12-22 17:02:00,2023-12-23 8:13:00,On Time
INV-ZZ-8646275,SCH-ZZ-7813337,3694,Boeing 777-300,IDR,BBI,360,420,375,15,45,36,72,108,144,42,37,-1,5,"{'F': 5, 'P': 0}",86,77,-5,9,"{'C': 0, 'J': 2, 'Z': 7}",120,107,1,13,166,148,-4,18,"{'Q': 7, 'R': 5, 'S': 0, 'T': 0, 'H': 0, 'M': 1}","{'Y': 18, 'A': 0, 'B': 0, 'D': 0, 'E': 0, 'G': 0, 'I': 0, 'K': 0, 'L': 0, 'N': 0, 'O': 0, 'U': 0, 'V': 0, 'W': 0, 'X': 0}",2023-12-25 17:02:00,2023-12-26 8:13:00,On Time
INV-ZZ-2589778,SCH-ZZ-7813337,3694,Boeing 777-300,IDR,BBI,360,406,343,-17,63,36,72,108,144,40,34,2,6,"{'F': 4, 'P': 2}",83,70,2,13,"{'C': 2, 'J': 8, 'Z': 3}",126,107,1,19,164,139,5,25,"{'Q': 1, 'R': 15, 'S': 2, 'T': 0, 'H': 1, 'M': 0}","{'Y': 14, 'A': 6, 'B': 2, 'D': 0, 'E': 1, 'G': 1, 'I': 1, 'K': 0, 'L': 0, 'N': 0, 'O': 0, 'U': 0, 'V': 0, 'W': 0, 'X': 0}",2023-12-26 17:02:00,2023-12-27 8:13:00,On Time
INV-ZZ-6188205,SCH-ZZ-7813337,3694,Boeing 777-300,IDR,BBI,360,418,339,-21,79,36,72,108,144,41,33,3,8,"{'F': 8, 'P': 0}",83,67,5,16,"{'C': 10, 'J': 5, 'Z': 1}",121,98,10,23,160,130,14,30,"{'Q': 3, 'R': 1, 'S': 17, 'T': 0, 'H': 0, 'M': 2}","{'Y': 0, 'A': 0, 'B': 23, 'D': 2, 'E': 3, 'G': 2, 'I': 0, 'K': 0, 'L': 0, 'N': 0, 'O': 0, 'U': 0, 'V': 0, 'W': 0, 'X': 0}",2023-12-29 17:02:00,2023-12-30 8:13:00,On Time
INV-ZZ-5686230,SCH-ZZ-3794224,3948,ATR 72,CCJ,PNQ,72,81,67,-5,14,7,14,21,28,8,7,0,1,"{'F': 0, 'P': 1}",16,13,1,3,"{'C': 3, 'J': 0, 'Z': 0}",24,20,1,4,33,27,1,6,"{'Q': 3, 'R': 0, 'S': 1, 'T': 0, 'H': 0, 'M': 0}","{'Y': 6, 'A': 0, 'B': 0, 'D': 0, 'E': 0, 'G': 0, 'I': 0, 'K': 0, 'L': 0, 'N': 0, 'O': 0, 'U': 0, 'V': 0, 'W': 0, 'X': 0}",2023-12-28 20:56:00,2023-12-28 22:25:00,On Time
INV-ZZ-6229871,SCH-ZZ-3794224,3948,ATR 72,CCJ,PNQ,72,81,72,0,9,7,14,21,28,8,7,0,1,"{'F': 0, 'P': 1}",16,14,0,2,"{'C': 1, 'J': 0, 'Z': 1}",24,21,0,3,31,28,0,3,"{'Q': 0, 'R': 2, 'S': 0, 'T': 1, 'H': 0, 'M': 0}","{'Y': 0, 'A': 3, 'B': 0, 'D': 0, 'E': 0, 'G': 0, 'I': 0, 'K': 0, 'L': 0, 'N': 0, 'O': 0, 'U': 0, 'V': 0, 'W': 0, 'X': 0}",2023-12-29 20:56:00,2023-12-29 22:25:00,On Time
INV-ZZ-1641448,SCH-ZZ-3794224,3948,ATR 72,CCJ,PNQ,72,80,63,-9,17,7,14,21,28,8,6,1,2,"{'F': 1, 'P': 1}",17,13,1,4,"{'C': 4, 'J': 0, 'Z': 0}",25,20,1,5,33,26,2,7,"{'Q': 1, 'R': 1, 'S': 1, 'T': 2, 'H': 0, 'M': 0}","{'Y': 5, 'A': 2, 'B': 0, 'D': 0, 'E': 0, 'G': 0, 'I': 0, 'K': 0, 'L': 0, 'N': 0, 'O': 0, 'U': 0, 'V': 0, 'W': 0, 'X': 0}",2023-12-30 20:56:00,2023-12-30 22:25:00,On Time
INV-ZZ-6573953,SCH-ZZ-3794224,3948,ATR 72,CCJ,PNQ,72,79,70,-2,9,7,14,21,28,8,7,0,1,"{'F': 0, 'P': 1}",16,14,0,2,"{'C': 1, 'J': 0, 'Z': 1}",23,20,1,3,32,28,0,4,"{'Q': 0, 'R': 3, 'S': 0, 'T': 0, 'H': 0, 'M': 0}","{'Y': 1, 'A': 0, 'B': 3, 'D': 0, 'E': 0, 'G': 0, 'I': 0, 'K': 0, 'L': 0, 'N': 0, 'O': 0, 'U': 0, 'V': 0, 'W': 0, 'X': 0}",2023-12-31 20:56:00,2023-12-31 22:25:00,On Time
INV-ZZ-9187090,SCH-ZZ-3794224,3948,ATR 72,CCJ,PNQ,72,82,67,-5,15,7,14,21,28,8,7,0,1,"{'F': 0, 'P': 1}",16,13,1,3,"{'C': 1, 'J': 1, 'Z': 1}",24,20,1,4,31,25,3,6,"{'Q': 1, 'R': 1, 'S': 1, 'T': 0, 'H': 1, 'M': 0}","{'Y': 5, 'A': 1, 'B': 0, 'D': 0, 'E': 0, 'G': 0, 'I': 0, 'K': 0, 'L': 0, 'N': 0, 'O': 0, 'U': 0, 'V': 0, 'W': 0, 'X': 0}",2024-01-01 20:56:00,2024-01-01 22:25:00,On Time
INV-ZZ-2907280,SCH-ZZ-3794224,3948,ATR 72,CCJ,PNQ,72,83,65,-7,18,7,14,21,28,8,6,1,2,"{'F': 1, 'P': 1}",16,13,1,3,"{'C': 3, 'J': 0, 'Z': 0}",24,19,2,5,33,26,2,7,"{'Q': 4, 'R': 1, 'S': 0, 'T': 0, 'H': 0, 'M': 0}","{'Y': 4, 'A': 3, 'B': 0, 'D': 0, 'E': 0, 'G': 0, 'I': 0, 'K': 0, 'L': 0, 'N': 0, 'O': 0, 'U': 0, 'V': 0, 'W': 0, 'X': 0}",2024-01-03 20:56:00,2024-01-03 22:25:00,On Time
INV-ZZ-5351857,SCH-ZZ-3794224,3948,ATR 72,CCJ,PNQ,72,83,72,0,11,7,14,21,28,8,7,0,1,"{'F': 1, 'P': 0}",16,14,0,2,"{'C': 1, 'J': 0, 'Z': 1}",25,22,-1,3,31,27,1,4,"{'Q': 3, 'R': 0, 'S': 0, 'T': 0, 'H': 0, 'M': 0}","{'Y': 3, 'A': 1, 'B': 0, 'D': 0, 'E': 0, 'G': 0, 'I': 0, 'K': 0, 'L': 0, 'N': 0, 'O': 0, 'U': 0, 'V': 0, 'W': 0, 'X': 0}",2024-01-04 20:56:00,2024-01-04 22:25:00,On Time
INV-ZZ-1134443,SCH-ZZ-8842436,4341,Airbus A321 Neo,TRV,CCU,220,256,204,-16,52,22,44,66,88,26,21,1,5,"{'F': 0, 'P': 5}",51,41,3,10,"{'C': 10, 'J': 0, 'Z': 0}",78,62,4,16,102,81,7,21,"{'Q': 8, 'R': 3, 'S': 1, 'T': 1, 'H': 3, 'M': 0}","{'Y': 12, 'A': 7, 'B': 0, 'D': 0, 'E': 2, 'G': 0, 'I': 0, 'K': 0, 'L': 0, 'N': 0, 'O': 0, 'U': 0, 'V': 0, 'W': 0, 'X': 0}",2024-01-04 22:13:00,2024-01-05 13:34:00,On Time
INV-ZZ-4792309,SCH-ZZ-8842436,4341,Airbus A321 Neo,TRV,CCU,220,245,213,-7,32,22,44,66,88,26,23,-1,3,"{'F': 2, 'P': 1}",51,44,0,7,"{'C': 3, 'J': 0, 'Z': 4}",79,69,-3,10,105,91,-3,14,"{'Q': 10, 'R': 0, 'S': 0, 'T': 0, 'H': 0, 'M': 0}","{'Y': 5, 'A': 8, 'B': 1, 'D': 0, 'E': 0, 'G': 0, 'I': 0, 'K': 0, 'L': 0, 'N': 0, 'O': 0, 'U': 0, 'V': 0, 'W': 0, 'X': 0}",2024-01-05 22:13:00,2024-01-06 13:34:00,On Time
INV-ZZ-5480207,SCH-ZZ-8842436,4341,Airbus A321 Neo,TRV,CCU,220,259,211,-9,48,22,44,66,88,26,21,1,5,"{'F': 5, 'P': 0}",52,42,2,10,"{'C': 1, 'J': 8, 'Z': 1}",77,63,3,14,104,85,3,19,"{'Q': 7, 'R': 3, 'S': 1, 'T': 3, 'H': 0, 'M': 0}","{'Y': 2, 'A': 1, 'B': 6, 'D': 5, 'E': 0, 'G': 3, 'I': 1, 'K': 0, 'L': 1, 'N': 0, 'O': 0, 'U': 0, 'V': 0, 'W': 0, 'X': 0}",2024-01-07 22:13:00,2024-01-08 13:34:00,On Time
INV-ZZ-8319714,SCH-ZZ-8842436,4341,Airbus A321 Neo,TRV,CCU,220,260,196,-24,64,22,44,66,88,25,19,3,6,"{'F': 3, 'P': 3}",52,39,5,13,"{'C': 1, 'J': 0, 'Z': 12}",78,59,7,19,104,78,10,26,"{'Q': 19, 'R': 0, 'S': 0, 'T': 0, 'H': 0, 'M': 0}","{'Y': 25, 'A': 0, 'B': 1, 'D': 0, 'E': 0, 'G': 0, 'I': 0, 'K': 0, 'L': 0, 'N': 0, 'O': 0, 'U': 0, 'V': 0, 'W': 0, 'X': 0}",2024-01-11 22:13:00,2024-01-12 13:34:00,On Time
INV-ZZ-8628396,SCH-ZZ-5791697,3083,Boeing 787,CCJ,MAA,270,318,278,8,40,27,54,81,108,32,28,-1,4,"{'F': 0, 'P': 4}",61,53,1,8,"{'C': 2, 'J': 1, 'Z': 5}",90,79,2,11,126,110,-2,16,"{'Q': 9, 'R': 1, 'S': 0, 'T': 1, 'H': 0, 'M': 0}","{'Y': 5, 'A': 10, 'B': 1, 'D': 0, 'E': 0, 'G': 0, 'I': 0, 'K': 0, 'L': 0, 'N': 0, 'O': 0, 'U': 0, 'V': 0, 'W': 0, 'X': 0}",2023-12-08 22:42:00,2023-12-09 6:43:00,On Time
INV-ZZ-1838482,SCH-ZZ-5791697,3083,Boeing 787,CCJ,MAA,270,323,301,31,22,27,54,81,108,31,29,-2,2,"{'F': 1, 'P': 1}",59,55,-1,4,"{'C': 2, 'J': 0, 'Z': 2}",97,90,-9,7,130,121,-13,9,"{'Q': 7, 'R': 0, 'S': 0, 'T': 0, 'H': 0, 'M': 0}","{'Y': 6, 'A': 0, 'B': 1, 'D': 2, 'E': 0, 'G': 0, 'I': 0, 'K': 0, 'L': 0, 'N': 0, 'O': 0, 'U': 0, 'V': 0, 'W': 0, 'X': 0}",2023-12-11 22:42:00,2023-12-12 6:43:00,On Time
INV-ZZ-3600045,SCH-ZZ-5791697,3083,Boeing 787,CCJ,MAA,270,302,260,-10,42,27,54,81,108,30,26,1,4,"{'F': 0, 'P': 4}",63,54,0,9,"{'C': 3, 'J': 1, 'Z': 5}",91,78,3,13,126,108,0,18,"{'Q': 0, 'R': 0, 'S': 3, 'T': 2, 'H': 1, 'M': 7}","{'Y': 17, 'A': 1, 'B': 0, 'D': 0, 'E': 0, 'G': 0, 'I': 0, 'K': 0, 'L': 0, 'N': 0, 'O': 0, 'U': 0, 'V': 0, 'W': 0, 'X': 0}",2023-12-12 22:42:00,2023-12-13 6:43:00,On Time
INV-ZZ-3990003,SCH-ZZ-1589654,3209,Boeing 777-300,CNN,COK,360,422,369,9,53,36,72,108,144,41,36,0,5,"{'F': 5, 'P': 0}",81,71,1,10,"{'C': 10, 'J': 0, 'Z': 0}",126,110,-2,16,168,147,-3,21,"{'Q': 6, 'R': 2, 'S': 6, 'T': 0, 'H': 0, 'M': 2}","{'Y': 10, 'A': 5, 'B': 5, 'D': 1, 'E': 0, 'G': 0, 'I': 0, 'K': 0, 'L': 0, 'N': 0, 'O': 0, 'U': 0, 'V': 0, 'W': 0, 'X': 0}",2023-12-04 20:38:00,2023-12-05 13:57:00,On Time
INV-ZZ-4240018,SCH-ZZ-1589654,3209,Boeing 777-300,CNN,COK,360,400,337,-23,63,36,72,108,144,41,35,1,6,"{'F': 5, 'P': 1}",86,73,-1,13,"{'C': 12, 'J': 0, 'Z': 1}",126,106,2,20,167,141,3,26,"{'Q': 9, 'R': 5, 'S': 2, 'T': 4, 'H': 0, 'M': 0}","{'Y': 1, 'A': 12, 'B': 3, 'D': 7, 'E': 1, 'G': 0, 'I': 1, 'K': 1, 'L': 0, 'N': 0, 'O': 0, 'U': 0, 'V': 0, 'W': 0, 'X': 0}",2023-12-06 20:38:00,2023-12-07 13:57:00,On Time
INV-ZZ-8419713,SCH-ZZ-1589654,3209,Boeing 777-300,CNN,COK,360,423,411,51,12,36,72,108,144,42,41,-5,1,"{'F': 1, 'P': 0}",84,82,-10,2,"{'C': 1, 'J': 0, 'Z': 1}",119,116,-8,3,159,155,-11,4,"{'Q': 0, 'R': 0, 'S': 0, 'T': 2, 'H': 0, 'M': 1}","{'Y': 2, 'A': 1, 'B': 0, 'D': 1, 'E': 0, 'G': 0, 'I': 0, 'K': 0, 'L': 0, 'N': 0, 'O': 0, 'U': 0, 'V': 0, 'W': 0, 'X': 0}",2023-12-07 20:38:00,2023-12-08 13:57:00,On Time
INV-ZZ-8548370,SCH-ZZ-1589654,3209,Boeing 777-300,CNN,COK,360,414,377,17,37,36,72,108,144,43,39,-3,4,"{'F': 4, 'P': 0}",83,76,-4,7,"{'C': 3, 'J': 1, 'Z': 3}",123,112,-4,11,164,149,-5,15,"{'Q': 10, 'R': 0, 'S': 0, 'T': 1, 'H': 0, 'M': 0}","{'Y': 7, 'A': 2, 'B': 4, 'D': 0, 'E': 1, 'G': 0, 'I': 1, 'K': 0, 'L': 0, 'N': 0, 'O': 0, 'U': 0, 'V': 0, 'W': 0, 'X': 0}",2023-12-09 20:38:00,2023-12-10 13:57:00,On Time
INV-ZZ-9102187,SCH-ZZ-1589654,3209,Boeing 777-300,CNN,COK,360,418,372,12,46,36,72,108,144,42,37,-1,5,"{'F': 4, 'P': 1}",84,75,-3,9,"{'C': 5, 'J': 0, 'Z': 4}",129,115,-7,14,172,153,-9,19,"{'Q': 2, 'R': 11, 'S': 1, 'T': 0, 'H': 0, 'M': 0}","{'Y': 1, 'A': 3, 'B': 4, 'D': 3, 'E': 1, 'G': 2, 'I': 0, 'K': 0, 'L': 4, 'N': 0, 'O': 0, 'U': 0, 'V': 1, 'W': 0, 'X': 0}",2023-12-11 20:38:00,2023-12-12 13:57:00,On Time
INV-ZZ-7672817,SCH-ZZ-3663516,4262,Boeing 767,TRV,PNQ,278,326,271,-7,55,27,55,83,111,31,26,1,5,"{'F': 4, 'P': 1}",61,51,4,10,"{'C': 3, 'J': 3, 'Z': 4}",98,81,2,17,125,104,7,21,"{'Q': 13, 'R': 4, 'S': 0, 'T': 0, 'H': 0, 'M': 0}","{'Y': 11, 'A': 4, 'B': 2, 'D': 2, 'E': 1, 'G': 0, 'I': 1, 'K': 0, 'L': 0, 'N': 0, 'O': 0, 'U': 0, 'V': 0, 'W': 0, 'X': 0}",2023-12-09 4:47:00,2023-12-09 17:50:00,On Time
INV-ZZ-6656572,SCH-ZZ-3663516,4262,Boeing 767,TRV,PNQ,278,327,273,-5,54,27,55,83,111,30,25,2,5,"{'F': 3, 'P': 2}",62,52,3,10,"{'C': 7, 'J': 1, 'Z': 2}",97,81,2,16,129,108,3,21,"{'Q': 13, 'R': 1, 'S': 2, 'T': 0, 'H': 0, 'M': 0}","{'Y': 6, 'A': 3, 'B': 8, 'D': 1, 'E': 3, 'G': 0, 'I': 0, 'K': 0, 'L': 0, 'N': 0, 'O': 0, 'U': 0, 'V': 0, 'W': 0, 'X': 0}",2023-12-11 4:47:00,2023-12-11 17:50:00,On Time
INV-ZZ-9476246,SCH-ZZ-3663516,4262,Boeing 767,TRV,PNQ,278,329,298,20,31,27,55,83,111,32,29,-2,3,"{'F': 2, 'P': 1}",65,59,-4,6,"{'C': 5, 'J': 0, 'Z': 1}",96,87,-4,9,123,111,0,12,"{'Q': 9, 'R': 0, 'S': 0, 'T': 0, 'H': 0, 'M': 0}","{'Y': 2, 'A': 3, 'B': 4, 'D': 0, 'E': 2, 'G': 1, 'I': 0, 'K': 0, 'L': 0, 'N': 0, 'O': 0, 'U': 0, 'V': 0, 'W': 0, 'X': 0}",2023-12-12 4:47:00,2023-12-12 17:50:00,On Time
INV-ZZ-6598428,SCH-ZZ-1589389,2679,Airbus A321 Neo,GOI,BLR,220,260,232,12,28,22,44,66,88,25,22,0,3,"{'F': 0, 'P': 3}",50,45,-1,5,"{'C': 2, 'J': 1, 'Z': 2}",79,70,-4,9,99,88,0,11,"{'Q': 2, 'R': 7, 'S': 0, 'T': 0, 'H': 0, 'M': 0}","{'Y': 8, 'A': 2, 'B': 1, 'D': 0, 'E': 0, 'G': 0, 'I': 0, 'K': 0, 'L': 0, 'N': 0, 'O': 0, 'U': 0, 'V': 0, 'W': 0, 'X': 0}",2023-12-16 22:49:00,2023-12-17 1:50:00,On Time
INV-ZZ-5252903,SCH-ZZ-1589389,2679,Airbus A321 Neo,GOI,BLR,220,246,216,-4,30,22,44,66,88,25,22,0,3,"{'F': 1, 'P': 2}",49,43,1,6,"{'C': 5, 'J': 0, 'Z': 1}",76,67,-1,9,98,86,2,12,"{'Q': 8, 'R': 0, 'S': 1, 'T': 0, 'H': 0, 'M': 0}","{'Y': 12, 'A': 0, 'B': 0, 'D': 0, 'E': 0, 'G': 0, 'I': 0, 'K': 0, 'L': 0, 'N': 0, 'O': 0, 'U': 0, 'V': 0, 'W': 0, 'X': 0}",2023-12-17 22:49:00,2023-12-18 1:50:00,On Time
INV-ZZ-1870784,SCH-ZZ-1589389,2679,Airbus A321 Neo,GOI,BLR,220,254,239,19,15,22,44,66,88,25,23,-1,2,"{'F': 1, 'P': 1}",49,46,-2,3,"{'C': 2, 'J': 0, 'Z': 1}",73,69,-3,4,99,93,-5,6,"{'Q': 2, 'R': 1, 'S': 0, 'T': 1, 'H': 0, 'M': 0}","{'Y': 4, 'A': 1, 'B': 0, 'D': 1, 'E': 0, 'G': 0, 'I': 0, 'K': 0, 'L': 0, 'N': 0, 'O': 0, 'U': 0, 'V': 0, 'W': 0, 'X': 0}",2023-12-19 22:49:00,2023-12-20 1:50:00,On Time
INV-ZZ-7756605,SCH-ZZ-1589389,2679,Airbus A321 Neo,GOI,BLR,220,248,229,9,19,22,44,66,88,24,22,0,2,"{'F': 2, 'P': 0}",50,46,-2,4,"{'C': 3, 'J': 1, 'Z': 0}",75,69,-3,6,103,95,-7,8,"{'Q': 0, 'R': 6, 'S': 0, 'T': 0, 'H': 0, 'M': 0}","{'Y': 4, 'A': 2, 'B': 1, 'D': 0, 'E': 0, 'G': 1, 'I': 0, 'K': 0, 'L': 0, 'N': 0, 'O': 0, 'U': 0, 'V': 0, 'W': 0, 'X': 0}",2023-12-20 22:49:00,2023-12-21 1:50:00,On Time
INV-ZZ-8235676,SCH-ZZ-9004907,4828,Boeing 757,MAA,DEL,209,233,202,-7,31,20,41,62,83,23,20,0,3,"{'F': 1, 'P': 2}",48,42,-1,6,"{'C': 4, 'J': 2, 'Z': 0}",70,61,1,9,92,80,3,12,"{'Q': 0, 'R': 7, 'S': 2, 'T': 0, 'H': 0, 'M': 0}","{'Y': 11, 'A': 0, 'B': 0, 'D': 1, 'E': 0, 'G': 0, 'I': 0, 'K': 0, 'L': 0, 'N': 0, 'O': 0, 'U': 0, 'V': 0, 'W': 0, 'X': 0}",2023-12-09 1:17:00,2023-12-09 12:16:00,Cancelled
INV-ZZ-3615644,SCH-ZZ-9004907,4828,Boeing 757,MAA,DEL,209,239,221,12,18,20,41,62,83,23,21,-1,2,"{'F': 2, 'P': 0}",45,42,-1,3,"{'C': 0, 'J': 2, 'Z': 1}",73,68,-6,5,98,91,-8,7,"{'Q': 4, 'R': 0, 'S': 1, 'T': 0, 'H': 0, 'M': 0}","{'Y': 5, 'A': 2, 'B': 0, 'D': 0, 'E': 0, 'G': 0, 'I': 0, 'K': 0, 'L': 0, 'N': 0, 'O': 0, 'U': 0, 'V': 0, 'W': 0, 'X': 0}",2023-12-13 1:17:00,2023-12-13 12:16:00,On Time
INV-ZZ-9574355,SCH-ZZ-9004907,4828,Boeing 757,MAA,DEL,209,233,190,-19,43,20,41,62,83,23,19,1,4,"{'F': 1, 'P': 3}",47,38,3,9,"{'C': 7, 'J': 0, 'Z': 2}",72,59,3,13,93,76,7,17,"{'Q': 3, 'R': 0, 'S': 8, 'T': 2, 'H': 0, 'M': 0}","{'Y': 16, 'A': 0, 'B': 0, 'D': 1, 'E': 0, 'G': 0, 'I': 0, 'K': 0, 'L': 0, 'N': 0, 'O': 0, 'U': 0, 'V': 0, 'W': 0, 'X': 0}",2023-12-14 1:17:00,2023-12-14 12:16:00,On Time
INV-ZZ-2503493,SCH-ZZ-9004907,4828,Boeing 757,MAA,DEL,209,244,206,-3,38,20,41,62,83,23,19,1,4,"{'F': 2, 'P': 2}",46,39,2,7,"{'C': 0, 'J': 1, 'Z': 6}",70,59,3,11,95,80,3,15,"{'Q': 8, 'R': 2, 'S': 1, 'T': 0, 'H': 0, 'M': 0}","{'Y': 10, 'A': 5, 'B': 0, 'D': 0, 'E': 0, 'G': 0, 'I': 0, 'K': 0, 'L': 0, 'N': 0, 'O': 0, 'U': 0, 'V': 0, 'W': 0, 'X': 0}",2023-12-15 1:17:00,2023-12-15 12:16:00,On Time
INV-ZZ-5777553,SCH-ZZ-9004907,4828,Boeing 757,MAA,DEL,209,244,206,-3,38,20,41,62,83,23,19,1,4,"{'F': 3, 'P': 1}",46,39,2,7,"{'C': 3, 'J': 3, 'Z': 1}",74,63,-1,11,98,83,0,15,"{'Q': 7, 'R': 2, 'S': 0, 'T': 0, 'H': 0, 'M': 2}","{'Y': 11, 'A': 2, 'B': 0, 'D': 1, 'E': 1, 'G': 0, 'I': 0, 'K': 0, 'L': 0, 'N': 0, 'O': 0, 'U': 0, 'V': 0, 'W': 0, 'X': 0}",2023-12-16 1:17:00,2023-12-16 12:16:00,On Time
INV-ZZ-9802285,SCH-ZZ-2438777,4763,Airbus A320 Neo,AMD,CNN,180,210,180,0,30,18,36,54,72,20,17,1,3,"{'F': 1, 'P': 2}",41,35,1,6,"{'C': 0, 'J': 2, 'Z': 4}",63,54,0,9,80,69,3,11,"{'Q': 7, 'R': 0, 'S': 0, 'T': 1, 'H': 1, 'M': 0}","{'Y': 3, 'A': 2, 'B': 1, 'D': 2, 'E': 1, 'G': 0, 'I': 2, 'K': 0, 'L': 0, 'N': 0, 'O': 0, 'U': 0, 'V': 0, 'W': 0, 'X': 0}",2023-12-06 20:37:00,2023-12-06 22:25:00,On Time
INV-ZZ-6511805,SCH-ZZ-2438777,4763,Airbus A320 Neo,AMD,CNN,180,203,183,3,20,18,36,54,72,21,19,-1,2,"{'F': 0, 'P': 2}",41,37,-1,4,"{'C': 3, 'J': 1, 'Z': 0}",61,55,-1,6,82,74,-2,8,"{'Q': 5, 'R': 0, 'S': 0, 'T': 1, 'H': 0, 'M': 0}","{'Y': 7, 'A': 0, 'B': 1, 'D': 0, 'E': 0, 'G': 0, 'I': 0, 'K': 0, 'L': 0, 'N': 0, 'O': 0, 'U': 0, 'V': 0, 'W': 0, 'X': 0}",2023-12-08 20:37:00,2023-12-08 22:25:00,On Time
INV-ZZ-6928277,SCH-ZZ-2438777,4763,Airbus A320 Neo,AMD,CNN,180,205,190,10,15,18,36,54,72,21,19,-1,2,"{'F': 0, 'P': 2}",40,37,-1,3,"{'C': 2, 'J': 1, 'Z': 0}",61,57,-3,4,86,80,-8,6,"{'Q': 1, 'R': 1, 'S': 1, 'T': 1, 'H': 0, 'M': 0}","{'Y': 0, 'A': 4, 'B': 2, 'D': 0, 'E': 0, 'G': 0, 'I': 0, 'K': 0, 'L': 0, 'N': 0, 'O': 0, 'U': 0, 'V': 0, 'W': 0, 'X': 0}",2023-12-11 20:37:00,2023-12-11 22:25:00,On Time
INV-ZZ-5133565,SCH-ZZ-2438777,4763,Airbus A320 Neo,AMD,CNN,180,201,174,-6,27,18,36,54,72,21,18,0,3,"{'F': 2, 'P': 1}",40,35,1,5,"{'C': 5, 'J': 0, 'Z': 0}",61,53,1,8,81,70,2,11,"{'Q': 4, 'R': 2, 'S': 0, 'T': 0, 'H': 2, 'M': 0}","{'Y': 5, 'A': 3, 'B': 3, 'D': 0, 'E': 0, 'G': 0, 'I': 0, 'K': 0, 'L': 0, 'N': 0, 'O': 0, 'U': 0, 'V': 0, 'W': 0, 'X': 0}",2023-12-13 20:37:00,2023-12-13 22:25:00,On Time
INV-ZZ-6330495,SCH-ZZ-2438777,4763,Airbus A320 Neo,AMD,CNN,180,209,192,12,17,18,36,54,72,21,19,-1,2,"{'F': 0, 'P': 2}",42,39,-3,3,"{'C': 0, 'J': 2, 'Z': 1}",60,55,-1,5,84,77,-5,7,"{'Q': 2, 'R': 1, 'S': 0, 'T': 2, 'H': 0, 'M': 0}","{'Y': 4, 'A': 3, 'B': 0, 'D': 0, 'E': 0, 'G': 0, 'I': 0, 'K': 0, 'L': 0, 'N': 0, 'O': 0, 'U': 0, 'V': 0, 'W': 0, 'X': 0}",2023-12-15 20:37:00,2023-12-15 22:25:00,On Time
INV-ZZ-3496027,SCH-ZZ-1474449,4259,Boeing 767,CCU,MAA,278,320,283,5,37,27,55,83,111,31,27,0,4,"{'F': 2, 'P': 2}",65,57,-2,8,"{'C': 6, 'J': 1, 'Z': 1}",99,87,-4,12,126,111,0,15,"{'Q': 7, 'R': 2, 'S': 0, 'T': 2, 'H': 0, 'M': 1}","{'Y': 0, 'A': 13, 'B': 0, 'D': 2, 'E': 0, 'G': 0, 'I': 0, 'K': 0, 'L': 0, 'N': 0, 'O': 0, 'U': 0, 'V': 0, 'W': 0, 'X': 0}",2023-12-13 21:43:00,2023-12-14 13:07:00,On Time
INV-ZZ-9486315,SCH-ZZ-1474449,4259,Boeing 767,CCU,MAA,278,327,292,14,35,27,55,83,111,31,28,-1,3,"{'F': 1, 'P': 2}",66,59,-4,7,"{'C': 4, 'J': 2, 'Z': 1}",96,86,-3,10,124,111,0,13,"{'Q': 2, 'R': 7, 'S': 0, 'T': 0, 'H': 0, 'M': 1}","{'Y': 1, 'A': 11, 'B': 0, 'D': 0, 'E': 1, 'G': 0, 'I': 0, 'K': 0, 'L': 0, 'N': 0, 'O': 0, 'U': 0, 'V': 0, 'W': 0, 'X': 0}",2023-12-14 21:43:00,2023-12-15 13:07:00,On Time
INV-ZZ-1996191,SCH-ZZ-1474449,4259,Boeing 767,CCU,MAA,278,312,284,6,28,27,55,83,111,32,29,-2,3,"{'F': 0, 'P': 3}",66,60,-5,6,"{'C': 3, 'J': 3, 'Z': 0}",94,86,-3,8,130,118,-7,12,"{'Q': 7, 'R': 1, 'S': 0, 'T': 0, 'H': 0, 'M': 0}","{'Y': 3, 'A': 2, 'B': 4, 'D': 2, 'E': 1, 'G': 0, 'I': 0, 'K': 0, 'L': 0, 'N': 0, 'O': 0, 'U': 0, 'V': 0, 'W': 0, 'X': 0}",2023-12-15 21:43:00,2023-12-16 13:07:00,On Time
INV-ZZ-8180279,SCH-ZZ-1474449,4259,Boeing 767,CCU,MAA,278,330,274,-4,56,27,55,83,111,31,26,1,5,"{'F': 0, 'P': 5}",61,51,4,10,"{'C': 6, 'J': 1, 'Z': 3}",96,80,3,16,127,105,6,22,"{'Q': 4, 'R': 9, 'S': 2, 'T': 0, 'H': 1, 'M': 0}","{'Y': 13, 'A': 3, 'B': 5, 'D': 0, 'E': 0, 'G': 0, 'I': 0, 'K': 1, 'L': 0, 'N': 0, 'O': 0, 'U': 0, 'V': 0, 'W': 0, 'X': 0}",2023-12-16 21:43:00,2023-12-17 13:07:00,On Time
INV-ZZ-6609709,SCH-ZZ-8297347,4938,ATR 72,COK,IDR,72,80,68,-4,12,7,14,21,28,8,7,0,1,"{'F': 1, 'P': 0}",17,14,0,3,"{'C': 2, 'J': 0, 'Z': 1}",24,20,1,4,31,26,2,5,"{'Q': 2, 'R': 1, 'S': 0, 'T': 0, 'H': 0, 'M': 1}","{'Y': 5, 'A': 0, 'B': 0, 'D': 0, 'E': 0, 'G': 0, 'I': 0, 'K': 0, 'L': 0, 'N': 0, 'O': 0, 'U': 0, 'V': 0, 'W': 0, 'X': 0}",2023-12-11 13:02:00,2023-12-11 15:16:00,On Time
INV-ZZ-9954670,SCH-ZZ-8297347,4938,ATR 72,COK,IDR,72,80,76,4,4,7,14,21,28,8,8,-1,0,"{'F': 0, 'P': 0}",16,15,-1,1,"{'C': 1, 'J': 0, 'Z': 0}",25,24,-3,1,33,31,-3,2,"{'Q': 1, 'R': 0, 'S': 0, 'T': 0, 'H': 0, 'M': 0}","{'Y': 1, 'A': 0, 'B': 0, 'D': 1, 'E': 0, 'G': 0, 'I': 0, 'K': 0, 'L': 0, 'N': 0, 'O': 0, 'U': 0, 'V': 0, 'W': 0, 'X': 0}",2023-12-14 13:02:00,2023-12-14 15:16:00,On Time
INV-ZZ-7561032,SCH-ZZ-8297347,4938,ATR 72,COK,IDR,72,79,68,-4,11,7,14,21,28,8,7,0,1,"{'F': 0, 'P': 1}",16,14,0,2,"{'C': 2, 'J': 0, 'Z': 0}",24,21,0,3,33,28,0,5,"{'Q': 0, 'R': 0, 'S': 1, 'T': 0, 'H': 2, 'M': 0}","{'Y': 0, 'A': 0, 'B': 4, 'D': 1, 'E': 0, 'G': 0, 'I': 0, 'K': 0, 'L': 0, 'N': 0, 'O': 0, 'U': 0, 'V': 0, 'W': 0, 'X': 0}",2023-12-15 13:02:00,2023-12-15 15:16:00,On Time
INV-ZZ-6290023,SCH-ZZ-8297347,4938,ATR 72,COK,IDR,72,84,75,3,9,7,14,21,28,8,7,0,1,"{'F': 0, 'P': 1}",16,14,0,2,"{'C': 1, 'J': 0, 'Z': 1}",23,21,0,2,32,29,-1,3,"{'Q': 0, 'R': 1, 'S': 1, 'T': 0, 'H': 0, 'M': 0}","{'Y': 2, 'A': 0, 'B': 0, 'D': 0, 'E': 1, 'G': 0, 'I': 0, 'K': 0, 'L': 0, 'N': 0, 'O': 0, 'U': 0, 'V': 0, 'W': 0, 'X': 0}",2023-12-16 13:02:00,2023-12-16 15:16:00,On Time
INV-ZZ-2803868,SCH-ZZ-2469436,2102,Airbus A320 Neo,BOM,HYD,180,198,180,0,18,18,36,54,72,20,18,0,2,"{'F': 2, 'P': 0}",41,37,-1,4,"{'C': 2, 'J': 0, 'Z': 2}",63,57,-3,6,84,76,-4,8,"{'Q': 5, 'R': 1, 'S': 0, 'T': 0, 'H': 0, 'M': 0}","{'Y': 2, 'A': 0, 'B': 0, 'D': 6, 'E': 0, 'G': 0, 'I': 0, 'K': 0, 'L': 0, 'N': 0, 'O': 0, 'U': 0, 'V': 0, 'W': 0, 'X': 0}",2023-12-16 6:46:00,2023-12-16 6:47:00,On Time
INV-ZZ-5287658,SCH-ZZ-2469436,2102,Airbus A320 Neo,BOM,HYD,180,201,174,-6,27,18,36,54,72,21,18,0,3,"{'F': 3, 'P': 0}",42,36,0,6,"{'C': 5, 'J': 0, 'Z': 1}",60,52,2,8,81,70,2,11,"{'Q': 1, 'R': 7, 'S': 0, 'T': 0, 'H': 0, 'M': 0}","{'Y': 0, 'A': 3, 'B': 3, 'D': 0, 'E': 1, 'G': 0, 'I': 0, 'K': 1, 'L': 0, 'N': 3, 'O': 0, 'U': 0, 'V': 0, 'W': 0, 'X': 0}",2023-12-18 6:46:00,2023-12-18 6:47:00,On Time
INV-ZZ-6384940,SCH-ZZ-2469436,2102,Airbus A320 Neo,BOM,HYD,180,215,182,2,33,18,36,54,72,21,18,0,3,"{'F': 1, 'P': 2}",40,34,2,6,"{'C': 0, 'J': 5, 'Z': 1}",61,52,2,9,86,73,-1,13,"{'Q': 9, 'R': 0, 'S': 0, 'T': 0, 'H': 0, 'M': 0}","{'Y': 9, 'A': 3, 'B': 1, 'D': 0, 'E': 0, 'G': 0, 'I': 0, 'K': 0, 'L': 0, 'N': 0, 'O': 0, 'U': 0, 'V': 0, 'W': 0, 'X': 0}",2023-12-21 6:46:00,2023-12-21 6:47:00,On Time
INV-ZZ-4860802,SCH-ZZ-2469436,2102,Airbus A320 Neo,BOM,HYD,180,209,184,4,25,18,36,54,72,21,18,0,3,"{'F': 0, 'P': 3}",40,35,1,5,"{'C': 4, 'J': 1, 'Z': 0}",61,54,0,7,80,70,2,10,"{'Q': 5, 'R': 1, 'S': 1, 'T': 0, 'H': 0, 'M': 0}","{'Y': 8, 'A': 2, 'B': 0, 'D': 0, 'E': 0, 'G': 0, 'I': 0, 'K': 0, 'L': 0, 'N': 0, 'O': 0, 'U': 0, 'V': 0, 'W': 0, 'X': 0}",2023-12-22 6:46:00,2023-12-22 6:47:00,On Time
INV-ZZ-5517306,SCH-ZZ-2469436,2102,Airbus A320 Neo,BOM,HYD,180,203,172,-8,32,18,36,54,72,20,17,1,3,"{'F': 3, 'P': 0}",40,34,2,6,"{'C': 4, 'J': 1, 'Z': 1}",63,53,1,10,80,68,4,12,"{'Q': 8, 'R': 2, 'S': 0, 'T': 0, 'H': 0, 'M': 0}","{'Y': 0, 'A': 5, 'B': 1, 'D': 3, 'E': 3, 'G': 0, 'I': 0, 'K': 0, 'L': 0, 'N': 0, 'O': 0, 'U': 0, 'V': 0, 'W': 0, 'X': 0}",2023-12-23 6:46:00,2023-12-23 6:47:00,On Time
INV-ZZ-5617258,SCH-ZZ-4332641,4763,Airbus A320-200,AMD,CNN,150,167,148,-2,19,15,30,45,60,17,15,0,2,"{'F': 0, 'P': 2}",33,29,1,4,"{'C': 1, 'J': 1, 'Z': 2}",53,47,-2,6,66,58,2,8,"{'Q': 3, 'R': 3, 'S': 0, 'T': 0, 'H': 0, 'M': 0}","{'Y': 5, 'A': 2, 'B': 1, 'D': 0, 'E': 0, 'G': 0, 'I': 0, 'K': 0, 'L': 0, 'N': 0, 'O': 0, 'U': 0, 'V': 0, 'W': 0, 'X': 0}",2023-12-11 20:37:00,2023-12-11 22:25:00,On Time
INV-ZZ-7031598,SCH-ZZ-4332641,4763,Airbus A320-200,AMD,CNN,150,177,161,11,16,15,30,45,60,17,16,-1,1,"{'F': 1, 'P': 0}",33,30,0,3,"{'C': 3, 'J': 0, 'Z': 0}",53,48,-3,5,71,65,-5,6,"{'Q': 0, 'R': 5, 'S': 0, 'T': 0, 'H': 0, 'M': 0}","{'Y': 1, 'A': 4, 'B': 1, 'D': 0, 'E': 0, 'G': 0, 'I': 0, 'K': 0, 'L': 0, 'N': 0, 'O': 0, 'U': 0, 'V': 0, 'W': 0, 'X': 0}",2023-12-13 20:37:00,2023-12-13 22:25:00,On Time
INV-ZZ-5217721,SCH-ZZ-4332641,4763,Airbus A320-200,AMD,CNN,150,165,151,1,14,15,30,45,60,18,16,-1,2,"{'F': 1, 'P': 1}",34,31,-1,3,"{'C': 3, 'J': 0, 'Z': 0}",50,46,-1,4,70,64,-4,6,"{'Q': 2, 'R': 1, 'S': 0, 'T': 0, 'H': 0, 'M': 1}","{'Y': 0, 'A': 0, 'B': 6, 'D': 0, 'E': 0, 'G': 0, 'I': 0, 'K': 0, 'L': 0, 'N': 0, 'O': 0, 'U': 0, 'V': 0, 'W': 0, 'X': 0}",2023-12-14 20:37:00,2023-12-14 22:25:00,On Time
INV-ZZ-2488003,SCH-ZZ-4332641,4763,Airbus A320-200,AMD,CNN,150,173,153,3,20,15,30,45,60,17,15,0,2,"{'F': 1, 'P': 1}",34,30,0,4,"{'C': 1, 'J': 3, 'Z': 0}",54,48,-3,6,70,62,-2,8,"{'Q': 2, 'R': 2, 'S': 0, 'T': 0, 'H': 0, 'M': 2}","{'Y': 3, 'A': 1, 'B': 1, 'D': 2, 'E': 1, 'G': 0, 'I': 0, 'K': 0, 'L': 0, 'N': 0, 'O': 0, 'U': 0, 'V': 0, 'W': 0, 'X': 0}",2023-12-15 20:37:00,2023-12-15 22:25:00,On Time
INV-ZZ-4866602,SCH-ZZ-4332641,4763,Airbus A320-200,AMD,CNN,150,170,158,8,12,15,30,45,60,17,16,-1,1,"{'F': 0, 'P': 1}",33,31,-1,2,"{'C': 0, 'J': 1, 'Z': 1}",53,49,-4,4,69,64,-4,5,"{'Q': 4, 'R': 0, 'S': 0, 'T': 0, 'H': 0, 'M': 0}","{'Y': 5, 'A': 0, 'B': 0, 'D': 0, 'E': 0, 'G': 0, 'I': 0, 'K': 0, 'L': 0, 'N': 0, 'O': 0, 'U': 0, 'V': 0, 'W': 0, 'X': 0}",2023-12-16 20:37:00,2023-12-16 22:25:00,On Time
INV-ZZ-1753814,SCH-ZZ-4332641,4763,Airbus A320-200,AMD,CNN,150,177,144,-6,33,15,30,45,60,17,14,1,3,"{'F': 2, 'P': 1}",35,28,2,7,"{'C': 1, 'J': 0, 'Z': 6}",51,41,4,10,67,54,6,13,"{'Q': 4, 'R': 0, 'S': 1, 'T': 5, 'H': 0, 'M': 0}","{'Y': 7, 'A': 4, 'B': 0, 'D': 1, 'E': 0, 'G': 1, 'I': 0, 'K': 0, 'L': 0, 'N': 0, 'O': 0, 'U': 0, 'V': 0, 'W': 0, 'X': 0}",2023-12-18 20:37:00,2023-12-18 22:25:00,On Time
INV-ZZ-9071090,SCH-ZZ-4332641,4763,Airbus A320-200,AMD,CNN,150,170,148,-2,22,15,30,45,60,18,16,-1,2,"{'F': 0, 'P': 2}",33,29,1,4,"{'C': 1, 'J': 2, 'Z': 1}",50,43,2,7,69,60,0,9,"{'Q': 6, 'R': 0, 'S': 0, 'T': 0, 'H': 0, 'M': 1}","{'Y': 2, 'A': 3, 'B': 2, 'D': 1, 'E': 1, 'G': 0, 'I': 0, 'K': 0, 'L': 0, 'N': 0, 'O': 0, 'U': 0, 'V': 0, 'W': 0, 'X': 0}",2023-12-20 20:37:00,2023-12-20 22:25:00,On Time
INV-ZZ-8974571,SCH-ZZ-4332641,4763,Airbus A320-200,AMD,CNN,150,165,154,4,11,15,30,45,60,17,16,-1,1,"{'F': 1, 'P': 0}",34,32,-2,2,"{'C': 2, 'J': 0, 'Z': 0}",54,50,-5,4,69,64,-4,5,"{'Q': 1, 'R': 1, 'S': 2, 'T': 0, 'H': 0, 'M': 0}","{'Y': 4, 'A': 1, 'B': 0, 'D': 0, 'E': 0, 'G': 0, 'I': 0, 'K': 0, 'L': 0, 'N': 0, 'O': 0, 'U': 0, 'V': 0, 'W': 0, 'X': 0}",2023-12-21 20:37:00,2023-12-21 22:25:00,On Time
INV-ZZ-1166806,SCH-ZZ-4332641,4763,Airbus A320-200,AMD,CNN,150,167,155,5,12,15,30,45,60,17,16,-1,1,"{'F': 0, 'P': 1}",34,32,-2,2,"{'C': 0, 'J': 2, 'Z': 0}",50,47,-2,3,69,64,-4,5,"{'Q': 0, 'R': 0, 'S': 0, 'T': 3, 'H': 0, 'M': 0}","{'Y': 1, 'A': 3, 'B': 0, 'D': 1, 'E': 0, 'G': 0, 'I': 0, 'K': 0, 'L': 0, 'N': 0, 'O': 0, 'U': 0, 'V': 0, 'W': 0, 'X': 0}",2023-12-22 20:37:00,2023-12-22 22:25:00,On Time
INV-ZZ-5968430,SCH-ZZ-4332641,4763,Airbus A320-200,AMD,CNN,150,176,162,12,14,15,30,45,60,18,17,-2,1,"{'F': 1, 'P': 0}",33,30,0,3,"{'C': 2, 'J': 1, 'Z': 0}",50,46,-1,4,72,66,-6,6,"{'Q': 4, 'R': 0, 'S': 0, 'T': 0, 'H': 0, 'M': 0}","{'Y': 3, 'A': 3, 'B': 0, 'D': 0, 'E': 0, 'G': 0, 'I': 0, 'K': 0, 'L': 0, 'N': 0, 'O': 0, 'U': 0, 'V': 0, 'W': 0, 'X': 0}",2023-12-23 20:37:00,2023-12-23 22:25:00,On Time
INV-ZZ-1445536,SCH-ZZ-2192077,2069,Boeing 787,BLR,TRV,270,302,279,9,23,27,54,81,108,32,30,-3,2,"{'F': 2, 'P': 0}",61,56,-2,5,"{'C': 3, 'J': 1, 'Z': 1}",95,88,-7,7,121,112,-4,9,"{'Q': 7, 'R': 0, 'S': 0, 'T': 0, 'H': 0, 'M': 0}","{'Y': 7, 'A': 2, 'B': 0, 'D': 0, 'E': 0, 'G': 0, 'I': 0, 'K': 0, 'L': 0, 'N': 0, 'O': 0, 'U': 0, 'V': 0, 'W': 0, 'X': 0}",2023-12-11 12:25:00,2023-12-11 17:09:00,On Time
INV-ZZ-1686932,SCH-ZZ-2192077,2069,Boeing 787,BLR,TRV,270,297,260,-10,37,27,54,81,108,31,27,0,4,"{'F': 0, 'P': 4}",65,57,-3,8,"{'C': 4, 'J': 3, 'Z': 1}",92,81,0,11,127,111,-3,16,"{'Q': 5, 'R': 6, 'S': 0, 'T': 0, 'H': 0, 'M': 0}","{'Y': 11, 'A': 3, 'B': 2, 'D': 0, 'E': 0, 'G': 0, 'I': 0, 'K': 0, 'L': 0, 'N': 0, 'O': 0, 'U': 0, 'V': 0, 'W': 0, 'X': 0}",2023-12-13 12:25:00,2023-12-13 17:09:00,On Time
INV-ZZ-4028036,SCH-ZZ-2192077,2069,Boeing 787,BLR,TRV,270,323,282,12,41,27,54,81,108,30,26,1,4,"{'F': 1, 'P': 3}",61,53,1,8,"{'C': 0, 'J': 7, 'Z': 1}",97,85,-4,12,121,106,2,15,"{'Q': 6, 'R': 0, 'S': 1, 'T': 2, 'H': 3, 'M': 0}","{'Y': 6, 'A': 9, 'B': 0, 'D': 0, 'E': 0, 'G': 0, 'I': 0, 'K': 0, 'L': 0, 'N': 0, 'O': 0, 'U': 0, 'V': 0, 'W': 0, 'X': 0}",2023-12-14 12:25:00,2023-12-14 17:09:00,On Time
INV-ZZ-8312067,SCH-ZZ-2192077,2069,Boeing 787,BLR,TRV,270,318,273,3,45,27,54,81,108,31,27,0,4,"{'F': 2, 'P': 2}",61,52,2,9,"{'C': 3, 'J': 3, 'Z': 3}",92,79,2,13,128,110,-2,18,"{'Q': 1, 'R': 12, 'S': 0, 'T': 0, 'H': 0, 'M': 0}","{'Y': 12, 'A': 6, 'B': 0, 'D': 0, 'E': 0, 'G': 0, 'I': 0, 'K': 0, 'L': 0, 'N': 0, 'O': 0, 'U': 0, 'V': 0, 'W': 0, 'X': 0}",2023-12-15 12:25:00,2023-12-15 17:09:00,On Time
INV-ZZ-7440523,SCH-ZZ-6592378,4341,Boeing 717,TRV,CCU,100,110,103,3,7,10,20,30,40,11,10,0,1,"{'F': 0, 'P': 1}",24,22,-2,2,"{'C': 2, 'J': 0, 'Z': 0}",34,32,-2,2,45,42,-2,3,"{'Q': 2, 'R': 0, 'S': 0, 'T': 0, 'H': 0, 'M': 0}","{'Y': 3, 'A': 0, 'B': 0, 'D': 0, 'E': 0, 'G': 0, 'I': 0, 'K': 0, 'L': 0, 'N': 0, 'O': 0, 'U': 0, 'V': 0, 'W': 0, 'X': 0}",2023-12-15 22:13:00,2023-12-16 13:34:00,On Time
INV-ZZ-8458597,SCH-ZZ-6592378,4341,Boeing 717,TRV,CCU,100,115,99,-1,16,10,20,30,40,11,9,1,2,"{'F': 1, 'P': 1}",22,19,1,3,"{'C': 0, 'J': 2, 'Z': 1}",35,30,0,5,47,40,0,7,"{'Q': 2, 'R': 3, 'S': 0, 'T': 0, 'H': 0, 'M': 0}","{'Y': 5, 'A': 1, 'B': 0, 'D': 0, 'E': 0, 'G': 1, 'I': 0, 'K': 0, 'L': 0, 'N': 0, 'O': 0, 'U': 0, 'V': 0, 'W': 0, 'X': 0}",2023-12-16 22:13:00,2023-12-17 13:34:00,On Time
INV-ZZ-9118591,SCH-ZZ-6592378,4341,Boeing 717,TRV,CCU,100,112,103,3,9,10,20,30,40,12,11,-1,1,"{'F': 0, 'P': 1}",22,20,0,2,"{'C': 1, 'J': 0, 'Z': 1}",33,30,0,3,46,42,-2,4,"{'Q': 3, 'R': 0, 'S': 0, 'T': 0, 'H': 0, 'M': 0}","{'Y': 0, 'A': 2, 'B': 0, 'D': 2, 'E': 0, 'G': 0, 'I': 0, 'K': 0, 'L': 0, 'N': 0, 'O': 0, 'U': 0, 'V': 0, 'W': 0, 'X': 0}",2023-12-18 22:13:00,2023-12-19 13:34:00,On Time
INV-ZZ-8909663,SCH-ZZ-6592378,4341,Boeing 717,TRV,CCU,100,118,107,7,11,10,20,30,40,11,10,0,1,"{'F': 1, 'P': 0}",23,21,-1,2,"{'C': 2, 'J': 0, 'Z': 0}",35,32,-2,3,47,42,-2,5,"{'Q': 2, 'R': 0, 'S': 0, 'T': 1, 'H': 0, 'M': 0}","{'Y': 0, 'A': 3, 'B': 0, 'D': 0, 'E': 2, 'G': 0, 'I': 0, 'K': 0, 'L': 0, 'N': 0, 'O': 0, 'U': 0, 'V': 0, 'W': 0, 'X': 0}",2023-12-21 22:13:00,2023-12-22 13:34:00,On Time
INV-ZZ-7393732,SCH-ZZ-6592378,4341,Boeing 717,TRV,CCU,100,115,96,-4,19,10,20,30,40,11,9,1,2,"{'F': 0, 'P': 2}",24,20,0,4,"{'C': 4, 'J': 0, 'Z': 0}",33,28,2,5,47,39,1,8,"{'Q': 3, 'R': 2, 'S': 0, 'T': 0, 'H': 0, 'M': 0}","{'Y': 3, 'A': 1, 'B': 1, 'D': 2, 'E': 1, 'G': 0, 'I': 0, 'K': 0, 'L': 0, 'N': 0, 'O': 0, 'U': 0, 'V': 0, 'W': 0, 'X': 0}",2023-12-22 22:13:00,2023-12-23 13:34:00,On Time
INV-ZZ-6907640,SCH-ZZ-4016963,4830,ATR 72,GAU,BOM,72,84,68,-4,16,7,14,21,28,8,6,1,2,"{'F': 1, 'P': 1}",17,14,0,3,"{'C': 2, 'J': 0, 'Z': 1}",24,19,2,5,33,27,1,6,"{'Q': 5, 'R': 0, 'S': 0, 'T': 0, 'H': 0, 'M': 0}","{'Y': 1, 'A': 4, 'B': 1, 'D': 0, 'E': 0, 'G': 0, 'I': 0, 'K': 0, 'L': 0, 'N': 0, 'O': 0, 'U': 0, 'V': 0, 'W': 0, 'X': 0}",2023-12-23 11:49:00,2023-12-24 10:43:00,On Time
INV-ZZ-8573874,SCH-ZZ-4016963,4830,ATR 72,GAU,BOM,72,85,74,2,11,7,14,21,28,8,7,0,1,"{'F': 0, 'P': 1}",16,14,0,2,"{'C': 0, 'J': 1, 'Z': 1}",24,21,0,3,32,28,0,4,"{'Q': 0, 'R': 2, 'S': 0, 'T': 1, 'H': 0, 'M': 0}","{'Y': 3, 'A': 1, 'B': 0, 'D': 0, 'E': 0, 'G': 0, 'I': 0, 'K': 0, 'L': 0, 'N': 0, 'O': 0, 'U': 0, 'V': 0, 'W': 0, 'X': 0}",2023-12-15 23:49:00,2023-12-16 1:43:00,On Time
INV-ZZ-6315145,SCH-ZZ-4016963,4830,ATR 72,GAU,BOM,72,81,70,-2,11,7,14,21,28,8,7,0,1,"{'F': 1, 'P': 0}",15,13,1,2,"{'C': 0, 'J': 0, 'Z': 2}",24,21,0,3,32,28,0,4,"{'Q': 1, 'R': 2, 'S': 0, 'T': 0, 'H': 0, 'M': 0}","{'Y': 0, 'A': 2, 'B': 2, 'D': 0, 'E': 0, 'G': 0, 'I': 0, 'K': 0, 'L': 0, 'N': 0, 'O': 0, 'U': 0, 'V': 0, 'W': 0, 'X': 0}",2023-12-27 11:49:00,2023-12-28 10:43:00,On Time
INV-ZZ-3551708,SCH-ZZ-3013947,3417,Airbus A320-200,CNN,MAA,150,175,140,-10,35,15,30,45,60,17,14,1,3,"{'F': 1, 'P': 2}",35,28,2,7,"{'C': 6, 'J': 0, 'Z': 1}",52,42,3,10,70,56,4,14,"{'Q': 10, 'R': 0, 'S': 0, 'T': 0, 'H': 0, 'M': 0}","{'Y': 0, 'A': 7, 'B': 5, 'D': 0, 'E': 0, 'G': 0, 'I': 2, 'K': 0, 'L': 0, 'N': 0, 'O': 0, 'U': 0, 'V': 0, 'W': 0, 'X': 0}",2023-12-24 4:37:00,2023-12-24 12:50:00,On Time
INV-ZZ-9987381,SCH-ZZ-3013947,3417,Airbus A320-200,CNN,MAA,150,174,160,10,14,15,30,45,60,17,16,-1,1,"{'F': 1, 'P': 0}",36,33,-3,3,"{'C': 2, 'J': 1, 'Z': 0}",53,49,-4,4,67,62,-2,5,"{'Q': 0, 'R': 2, 'S': 0, 'T': 2, 'H': 0, 'M': 0}","{'Y': 4, 'A': 0, 'B': 0, 'D': 0, 'E': 0, 'G': 1, 'I': 0, 'K': 0, 'L': 0, 'N': 0, 'O': 0, 'U': 0, 'V': 0, 'W': 0, 'X': 0}",2023-12-25 4:37:00,2023-12-25 12:50:00,On Time
INV-ZZ-6767886,SCH-ZZ-3013947,3417,Airbus A320-200,CNN,MAA,150,174,148,-2,26,15,30,45,60,17,14,1,3,"{'F': 2, 'P': 1}",35,30,0,5,"{'C': 5, 'J': 0, 'Z': 0}",53,45,0,8,69,59,1,10,"{'Q': 3, 'R': 2, 'S': 2, 'T': 1, 'H': 0, 'M': 0}","{'Y': 7, 'A': 0, 'B': 0, 'D': 1, 'E': 0, 'G': 1, 'I': 1, 'K': 0, 'L': 0, 'N': 0, 'O': 0, 'U': 0, 'V': 0, 'W': 0, 'X': 0}",2023-12-27 4:37:00,2023-12-27 12:50:00,On Time
INV-ZZ-6656663,SCH-ZZ-3013947,3417,Airbus A320-200,CNN,MAA,150,165,135,-15,30,15,30,45,60,18,15,0,3,"{'F': 1, 'P': 2}",35,29,1,6,"{'C': 3, 'J': 3, 'Z': 0}",50,41,4,9,66,54,6,12,"{'Q': 5, 'R': 2, 'S': 1, 'T': 0, 'H': 0, 'M': 1}","{'Y': 5, 'A': 5, 'B': 1, 'D': 0, 'E': 0, 'G': 1, 'I': 0, 'K': 0, 'L': 0, 'N': 0, 'O': 0, 'U': 0, 'V': 0, 'W': 0, 'X': 0}",2023-12-28 4:37:00,2023-12-28 12:50:00,On Time
INV-ZZ-1729337,SCH-ZZ-3013947,3417,Airbus A320-200,CNN,MAA,150,166,147,-3,19,15,30,45,60,17,15,0,2,"{'F': 2, 'P': 0}",35,31,-1,4,"{'C': 3, 'J': 0, 'Z': 1}",50,44,1,6,67,59,1,8,"{'Q': 5, 'R': 0, 'S': 1, 'T': 0, 'H': 0, 'M': 0}","{'Y': 4, 'A': 2, 'B': 2, 'D': 0, 'E': 0, 'G': 0, 'I': 0, 'K': 0, 'L': 0, 'N': 0, 'O': 0, 'U': 0, 'V': 0, 'W': 0, 'X': 0}",2023-12-29 4:37:00,2023-12-29 12:50:00,On Time
INV-ZZ-9325335,SCH-ZZ-3013947,3417,Airbus A320-200,CNN,MAA,150,175,139,-11,36,15,30,45,60,17,14,1,3,"{'F': 1, 'P': 2}",36,29,1,7,"{'C': 1, 'J': 5, 'Z': 1}",52,41,4,11,69,55,5,14,"{'Q': 10, 'R': 1, 'S': 0, 'T': 0, 'H': 0, 'M': 0}","{'Y': 4, 'A': 9, 'B': 1, 'D': 0, 'E': 0, 'G': 0, 'I': 0, 'K': 0, 'L': 0, 'N': 0, 'O': 0, 'U': 0, 'V': 0, 'W': 0, 'X': 0}",2023-12-31 4:37:00,2023-12-31 12:50:00,On Time
INV-ZZ-2085988,SCH-ZZ-9094190,3686,Boeing 777,COK,DEL,425,498,462,37,36,42,85,127,170,50,46,-4,4,"{'F': 0, 'P': 4}",98,91,-6,7,"{'C': 6, 'J': 1, 'Z': 0}",147,136,-9,11,190,176,-6,14,"{'Q': 3, 'R': 0, 'S': 0, 'T': 3, 'H': 0, 'M': 5}","{'Y': 11, 'A': 0, 'B': 0, 'D': 1, 'E': 0, 'G': 2, 'I': 0, 'K': 0, 'L': 0, 'N': 0, 'O': 0, 'U': 0, 'V': 0, 'W': 0, 'X': 0}",2023-12-18 4:55:00,2023-12-19 3:45:00,On Time
INV-ZZ-2640504,SCH-ZZ-9094190,3686,Boeing 777,COK,DEL,425,477,444,19,33,42,85,127,170,47,44,-2,3,"{'F': 0, 'P': 3}",96,89,-4,7,"{'C': 2, 'J': 1, 'Z': 4}",143,133,-6,10,193,180,-10,13,"{'Q': 2, 'R': 0, 'S': 4, 'T': 2, 'H': 0, 'M': 2}","{'Y': 3, 'A': 6, 'B': 1, 'D': 1, 'E': 1, 'G': 0, 'I': 0, 'K': 0, 'L': 1, 'N': 0, 'O': 0, 'U': 0, 'V': 0, 'W': 0, 'X': 0}",2023-12-19 4:55:00,2023-12-20 3:45:00,On Time
INV-ZZ-3399663,SCH-ZZ-9094190,3686,Boeing 777,COK,DEL,425,481,423,-2,58,42,85,127,170,47,41,1,6,"{'F': 0, 'P': 6}",99,87,-2,12,"{'C': 5, 'J': 0, 'Z': 7}",146,129,-2,17,198,174,-4,24,"{'Q': 4, 'R': 8, 'S': 5, 'T': 0, 'H': 0, 'M': 0}","{'Y': 15, 'A': 4, 'B': 0, 'D': 4, 'E': 1, 'G': 0, 'I': 0, 'K': 0, 'L': 0, 'N': 0, 'O': 0, 'U': 0, 'V': 0, 'W': 0, 'X': 0}",2023-12-21 4:55:00,2023-12-22 3:45:00,On Time
INV-ZZ-1595623,SCH-ZZ-9094190,3686,Boeing 777,COK,DEL,425,497,405,-20,92,42,85,127,170,50,41,1,9,"{'F': 1, 'P': 8}",98,80,5,18,"{'C': 6, 'J': 9, 'Z': 3}",152,124,3,28,194,158,12,36,"{'Q': 20, 'R': 3, 'S': 4, 'T': 0, 'H': 0, 'M': 1}","{'Y': 16, 'A': 13, 'B': 4, 'D': 0, 'E': 1, 'G': 0, 'I': 2, 'K': 0, 'L': 0, 'N': 0, 'O': 0, 'U': 0, 'V': 0, 'W': 0, 'X': 0}",2023-12-22 4:55:00,2023-12-23 3:45:00,On Time
INV-ZZ-4985074,SCH-ZZ-9094190,3686,Boeing 777,COK,DEL,425,479,397,-28,82,42,85,127,170,50,41,1,9,"{'F': 3, 'P': 6}",96,80,5,16,"{'C': 2, 'J': 10, 'Z': 4}",151,125,2,26,199,165,5,34,"{'Q': 18, 'R': 8, 'S': 0, 'T': 0, 'H': 0, 'M': 0}","{'Y': 24, 'A': 3, 'B': 2, 'D': 0, 'E': 0, 'G': 2, 'I': 2, 'K': 0, 'L': 1, 'N': 0, 'O': 0, 'U': 0, 'V': 0, 'W': 0, 'X': 0}",2023-12-07 4:55:00,2023-09-07 8:45:00,On Time
INV-ZZ-3956076,SCH-ZZ-9094190,3686,Boeing 777,COK,DEL,425,492,453,28,39,42,85,127,170,49,45,-3,4,"{'F': 3, 'P': 1}",95,88,-3,7,"{'C': 4, 'J': 3, 'Z': 0}",142,131,-4,11,194,179,-9,15,"{'Q': 2, 'R': 0, 'S': 8, 'T': 1, 'H': 0, 'M': 0}","{'Y': 15, 'A': 0, 'B': 0, 'D': 0, 'E': 0, 'G': 0, 'I': 0, 'K': 0, 'L': 0, 'N': 0, 'O': 0, 'U': 0, 'V': 0, 'W': 0, 'X': 0}",2023-12-25 4:55:00,2023-12-26 3:45:00,On Time
INV-ZZ-6351149,SCH-ZZ-9094190,3686,Boeing 777,COK,DEL,425,506,433,8,73,42,85,127,170,48,41,1,7,"{'F': 4, 'P': 3}",94,80,5,14,"{'C': 11, 'J': 3, 'Z': 0}",145,124,3,21,196,168,2,28,"{'Q': 5, 'R': 7, 'S': 4, 'T': 5, 'H': 0, 'M': 0}","{'Y': 17, 'A': 2, 'B': 9, 'D': 0, 'E': 0, 'G': 0, 'I': 0, 'K': 0, 'L': 0, 'N': 0, 'O': 0, 'U': 0, 'V': 0, 'W': 0, 'X': 0}",2023-12-26 4:55:00,2023-12-27 3:45:00,On Time
INV-ZZ-4736366,SCH-ZZ-9094190,3686,Boeing 777,COK,DEL,425,474,425,0,49,42,85,127,170,48,43,-1,5,"{'F': 2, 'P': 3}",101,91,-6,10,"{'C': 0, 'J': 4, 'Z': 6}",141,126,1,15,190,170,0,20,"{'Q': 10, 'R': 0, 'S': 2, 'T': 1, 'H': 1, 'M': 1}","{'Y': 15, 'A': 4, 'B': 0, 'D': 1, 'E': 0, 'G': 0, 'I': 0, 'K': 0, 'L': 0, 'N': 0, 'O': 0, 'U': 0, 'V': 0, 'W': 0, 'X': 0}",2023-12-28 4:55:00,2023-12-29 3:45:00,On Time
INV-ZZ-7312711,SCH-ZZ-9094190,3686,Boeing 777,COK,DEL,425,491,394,-32,98,42,85,127,170,47,38,4,9,"{'F': 4, 'P': 5}",94,75,10,19,"{'C': 18, 'J': 1, 'Z': 0}",144,115,12,29,198,159,11,39,"{'Q': 27, 'R': 0, 'S': 1, 'T': 1, 'H': 0, 'M': 0}","{'Y': 28, 'A': 9, 'B': 2, 'D': 0, 'E': 0, 'G': 0, 'I': 0, 'K': 0, 'L': 0, 'N': 0, 'O': 0, 'U': 0, 'V': 0, 'W': 0, 'X': 0}",2023-12-29 4:55:00,2023-12-30 3:45:00,On Time
INV-ZZ-2621915,SCH-ZZ-3882444,4763,BAe 146,AMD,CNN,91,104,82,-9,22,9,18,27,36,10,8,1,2,"{'F': 1, 'P': 1}",20,16,2,4,"{'C': 2, 'J': 1, 'Z': 1}",32,25,2,7,42,33,3,9,"{'Q': 7, 'R': 0, 'S': 0, 'T': 0, 'H': 0, 'M': 0}","{'Y': 2, 'A': 6, 'B': 0, 'D': 1, 'E': 0, 'G': 0, 'I': 0, 'K': 0, 'L': 0, 'N': 0, 'O': 0, 'U': 0, 'V': 0, 'W': 0, 'X': 0}",2023-12-30 20:37:00,2023-12-30 22:25:00,On Time
INV-ZZ-6189108,SCH-ZZ-3882444,4763,BAe 146,AMD,CNN,91,102,91,0,11,9,18,27,36,10,9,0,1,"{'F': 0, 'P': 1}",20,18,0,2,"{'C': 1, 'J': 1, 'Z': 0}",30,27,0,3,41,37,-1,4,"{'Q': 3, 'R': 0, 'S': 0, 'T': 0, 'H': 0, 'M': 0}","{'Y': 3, 'A': 1, 'B': 0, 'D': 0, 'E': 0, 'G': 0, 'I': 0, 'K': 0, 'L': 0, 'N': 0, 'O': 0, 'U': 0, 'V': 0, 'W': 0, 'X': 0}",2023-12-31 20:37:00,2023-12-31 22:25:00,On Time
INV-ZZ-6719541,SCH-ZZ-3882444,4763,BAe 146,AMD,CNN,91,104,92,1,12,9,18,27,36,10,9,0,1,"{'F': 1, 'P': 0}",21,19,-1,2,"{'C': 0, 'J': 0, 'Z': 2}",30,27,0,3,41,36,0,5,"{'Q': 0, 'R': 1, 'S': 2, 'T': 0, 'H': 0, 'M': 0}","{'Y': 5, 'A': 0, 'B': 0, 'D': 0, 'E': 0, 'G': 0, 'I': 0, 'K': 0, 'L': 0, 'N': 0, 'O': 0, 'U': 0, 'V': 0, 'W': 0, 'X': 0}",2024-01-06 20:37:00,2024-01-06 22:25:00,On Time
INV-ZZ-7155158,SCH-ZZ-6660445,2823,BAe 146,CCJ,JAI,91,107,99,8,8,9,18,27,36,10,9,0,1,"{'F': 1, 'P': 0}",20,18,0,2,"{'C': 2, 'J': 0, 'Z': 0}",30,28,-1,2,40,37,-1,3,"{'Q': 0, 'R': 1, 'S': 1, 'T': 0, 'H': 0, 'M': 0}","{'Y': 0, 'A': 0, 'B': 3, 'D': 0, 'E': 0, 'G': 0, 'I': 0, 'K': 0, 'L': 0, 'N': 0, 'O': 0, 'U': 0, 'V': 0, 'W': 0, 'X': 0}",2023-12-09 2:00:00,2023-12-09 17:16:00,On Time
INV-ZZ-9098835,SCH-ZZ-6660445,2823,BAe 146,CCJ,JAI,91,100,91,0,9,9,18,27,36,11,10,-1,1,"{'F': 1, 'P': 0}",21,19,-1,2,"{'C': 0, 'J': 1, 'Z': 1}",31,28,-1,3,41,37,-1,4,"{'Q': 3, 'R': 0, 'S': 0, 'T': 0, 'H': 0, 'M': 0}","{'Y': 4, 'A': 0, 'B': 0, 'D': 0, 'E': 0, 'G': 0, 'I': 0, 'K': 0, 'L': 0, 'N': 0, 'O': 0, 'U': 0, 'V': 0, 'W': 0, 'X': 0}",2023-12-10 2:00:00,2023-12-10 17:16:00,On Time
INV-ZZ-4318416,SCH-ZZ-6660445,2823,BAe 146,CCJ,JAI,91,107,90,-1,17,9,18,27,36,10,8,1,2,"{'F': 2, 'P': 0}",20,17,1,3,"{'C': 3, 'J': 0, 'Z': 0}",31,26,1,5,43,36,0,7,"{'Q': 0, 'R': 3, 'S': 2, 'T': 0, 'H': 0, 'M': 0}","{'Y': 2, 'A': 1, 'B': 1, 'D': 2, 'E': 1, 'G': 0, 'I': 0, 'K': 0, 'L': 0, 'N': 0, 'O': 0, 'U': 0, 'V': 0, 'W': 0, 'X': 0}",2023-12-11 2:00:00,2023-12-11 17:16:00,On Time
INV-ZZ-8512573,SCH-ZZ-6660445,2823,BAe 146,CCJ,JAI,91,108,102,11,6,9,18,27,36,10,9,0,1,"{'F': 1, 'P': 0}",21,20,-2,1,"{'C': 1, 'J': 0, 'Z': 0}",31,29,-2,2,43,41,-5,2,"{'Q': 2, 'R': 0, 'S': 0, 'T': 0, 'H': 0, 'M': 0}","{'Y': 0, 'A': 2, 'B': 0, 'D': 0, 'E': 0, 'G': 0, 'I': 0, 'K': 0, 'L': 0, 'N': 0, 'O': 0, 'U': 0, 'V': 0, 'W': 0, 'X': 0}",2023-12-16 2:00:00,2023-12-16 17:16:00,On Time
INV-ZZ-9054516,SCH-ZZ-6660445,2823,BAe 146,CCJ,JAI,91,104,85,-6,19,9,18,27,36,11,9,0,2,"{'F': 0, 'P': 2}",21,17,1,4,"{'C': 4, 'J': 0, 'Z': 0}",30,24,3,6,41,33,3,8,"{'Q': 0, 'R': 3, 'S': 1, 'T': 2, 'H': 0, 'M': 0}","{'Y': 7, 'A': 0, 'B': 1, 'D': 0, 'E': 0, 'G': 0, 'I': 0, 'K': 0, 'L': 0, 'N': 0, 'O': 0, 'U': 0, 'V': 0, 'W': 0, 'X': 0}",2023-12-17 2:00:00,2023-12-17 17:16:00,On Time
INV-ZZ-2256059,SCH-ZZ-6660445,2823,BAe 146,CCJ,JAI,91,105,97,6,8,9,18,27,36,10,9,0,1,"{'F': 0, 'P': 1}",21,19,-1,2,"{'C': 0, 'J': 0, 'Z': 2}",31,29,-2,2,42,39,-3,3,"{'Q': 0, 'R': 1, 'S': 0, 'T': 1, 'H': 0, 'M': 0}","{'Y': 3, 'A': 0, 'B': 0, 'D': 0, 'E': 0, 'G': 0, 'I': 0, 'K': 0, 'L': 0, 'N': 0, 'O': 0, 'U': 0, 'V': 0, 'W': 0, 'X': 0}",2023-12-18 2:00:00,2023-12-18 17:16:00,On Time
INV-ZZ-5494950,SCH-ZZ-6660445,2823,BAe 146,CCJ,JAI,91,105,94,3,11,9,18,27,36,11,10,-1,1,"{'F': 0, 'P': 1}",21,19,-1,2,"{'C': 1, 'J': 1, 'Z': 0}",31,28,-1,3,43,38,-2,5,"{'Q': 1, 'R': 1, 'S': 0, 'T': 1, 'H': 0, 'M': 0}","{'Y': 2, 'A': 3, 'B': 0, 'D': 0, 'E': 0, 'G': 0, 'I': 0, 'K': 0, 'L': 0, 'N': 0, 'O': 0, 'U': 0, 'V': 0, 'W': 0, 'X': 0}",2023-12-23 2:00:00,2023-12-23 17:16:00,On Time
INV-ZZ-9376042,SCH-ZZ-6660445,2823,BAe 146,CCJ,JAI,91,103,83,-8,20,9,18,27,36,11,9,0,2,"{'F': 2, 'P': 0}",20,16,2,4,"{'C': 1, 'J': 1, 'Z': 2}",32,26,1,6,43,35,1,8,"{'Q': 2, 'R': 3, 'S': 0, 'T': 0, 'H': 0, 'M': 1}","{'Y': 0, 'A': 8, 'B': 0, 'D': 0, 'E': 0, 'G': 0, 'I': 0, 'K': 0, 'L': 0, 'N': 0, 'O': 0, 'U': 0, 'V': 0, 'W': 0, 'X': 0}",2023-12-24 2:00:00,2023-12-24 17:16:00,On Time
INV-ZZ-3346518,SCH-ZZ-6660445,2823,BAe 146,CCJ,JAI,91,100,92,1,8,9,18,27,36,10,9,0,1,"{'F': 0, 'P': 1}",20,18,0,2,"{'C': 1, 'J': 0, 'Z': 1}",32,29,-2,3,41,38,-2,3,"{'Q': 1, 'R': 1, 'S': 0, 'T': 0, 'H': 0, 'M': 1}","{'Y': 3, 'A': 0, 'B': 0, 'D': 0, 'E': 0, 'G': 0, 'I': 0, 'K': 0, 'L': 0, 'N': 0, 'O': 0, 'U': 0, 'V': 0, 'W': 0, 'X': 0}",2023-12-25 2:00:00,2023-12-25 17:16:00,On Time
INV-ZZ-2346710,SCH-ZZ-6660445,2823,BAe 146,CCJ,JAI,91,107,91,0,16,9,18,27,36,10,9,0,1,"{'F': 0, 'P': 1}",21,18,0,3,"{'C': 2, 'J': 1, 'Z': 0}",31,26,1,5,43,37,-1,6,"{'Q': 5, 'R': 0, 'S': 0, 'T': 0, 'H': 0, 'M': 0}","{'Y': 5, 'A': 0, 'B': 0, 'D': 1, 'E': 0, 'G': 0, 'I': 0, 'K': 0, 'L': 0, 'N': 0, 'O': 0, 'U': 0, 'V': 0, 'W': 0, 'X': 0}",2023-12-30 2:00:00,2023-12-30 17:16:00,On Time
INV-ZZ-6804353,SCH-ZZ-6660445,2823,BAe 146,CCJ,JAI,91,102,91,0,11,9,18,27,36,10,9,0,1,"{'F': 1, 'P': 0}",20,18,0,2,"{'C': 2, 'J': 0, 'Z': 0}",32,28,-1,4,42,37,-1,5,"{'Q': 4, 'R': 0, 'S': 0, 'T': 0, 'H': 0, 'M': 0}","{'Y': 2, 'A': 2, 'B': 1, 'D': 0, 'E': 0, 'G': 0, 'I': 0, 'K': 0, 'L': 0, 'N': 0, 'O': 0, 'U': 0, 'V': 0, 'W': 0, 'X': 0}",2023-12-31 2:00:00,2023-12-31 17:16:00,On Time
INV-ZZ-1929096,SCH-ZZ-6660445,2823,BAe 146,CCJ,JAI,91,102,91,0,11,9,18,27,36,10,9,0,1,"{'F': 0, 'P': 1}",21,19,-1,2,"{'C': 1, 'J': 0, 'Z': 1}",32,28,-1,4,40,36,0,4,"{'Q': 4, 'R': 0, 'S': 0, 'T': 0, 'H': 0, 'M': 0}","{'Y': 1, 'A': 1, 'B': 2, 'D': 0, 'E': 0, 'G': 0, 'I': 0, 'K': 0, 'L': 0, 'N': 0, 'O': 0, 'U': 0, 'V': 0, 'W': 0, 'X': 0}",2024-01-01 2:00:00,2024-01-01 17:16:00,On Time
INV-ZZ-3763864,SCH-ZZ-6660445,2823,BAe 146,CCJ,JAI,91,100,87,-4,13,9,18,27,36,10,9,0,1,"{'F': 1, 'P': 0}",21,18,0,3,"{'C': 2, 'J': 1, 'Z': 0}",31,27,0,4,42,37,-1,5,"{'Q': 1, 'R': 2, 'S': 0, 'T': 1, 'H': 0, 'M': 0}","{'Y': 4, 'A': 0, 'B': 1, 'D': 0, 'E': 0, 'G': 0, 'I': 0, 'K': 0, 'L': 0, 'N': 0, 'O': 0, 'U': 0, 'V': 0, 'W': 0, 'X': 0}",2024-01-06 2:00:00,2024-01-06 17:16:00,On Time
INV-ZZ-8746052,SCH-ZZ-5071799,4167,Boeing 787,IDR,MAA,270,301,270,0,31,27,54,81,108,30,27,0,3,"{'F': 2, 'P': 1}",64,57,-3,7,"{'C': 6, 'J': 0, 'Z': 1}",95,85,-4,10,129,116,-8,13,"{'Q': 5, 'R': 4, 'S': 1, 'T': 0, 'H': 0, 'M': 0}","{'Y': 0, 'A': 8, 'B': 1, 'D': 3, 'E': 1, 'G': 0, 'I': 0, 'K': 0, 'L': 0, 'N': 0, 'O': 0, 'U': 0, 'V': 0, 'W': 0, 'X': 0}",2023-12-16 13:53:00,2023-12-17 1:04:00,On Time
INV-ZZ-4770316,SCH-ZZ-5071799,4167,Boeing 787,IDR,MAA,270,310,270,0,40,27,54,81,108,30,26,1,4,"{'F': 3, 'P': 1}",65,57,-3,8,"{'C': 0, 'J': 4, 'Z': 4}",92,80,1,12,120,104,4,16,"{'Q': 9, 'R': 2, 'S': 1, 'T': 0, 'H': 0, 'M': 0}","{'Y': 15, 'A': 1, 'B': 0, 'D': 0, 'E': 0, 'G': 0, 'I': 0, 'K': 0, 'L': 0, 'N': 0, 'O': 0, 'U': 0, 'V': 0, 'W': 0, 'X': 0}",2023-12-17 13:53:00,2023-12-18 1:04:00,On Time
INV-ZZ-3300271,SCH-ZZ-5071799,4167,Boeing 787,IDR,MAA,270,320,262,-8,58,27,54,81,108,30,25,2,5,"{'F': 5, 'P': 0}",60,49,5,11,"{'C': 9, 'J': 2, 'Z': 0}",95,78,3,17,123,101,7,22,"{'Q': 8, 'R': 7, 'S': 2, 'T': 0, 'H': 0, 'M': 0}","{'Y': 10, 'A': 8, 'B': 1, 'D': 1, 'E': 2, 'G': 0, 'I': 0, 'K': 0, 'L': 0, 'N': 0, 'O': 0, 'U': 0, 'V': 0, 'W': 0, 'X': 0}",2023-12-18 13:53:00,2023-12-19 1:04:00,On Time
INV-ZZ-6799443,SCH-ZZ-5071799,4167,Boeing 787,IDR,MAA,270,300,266,-4,34,27,54,81,108,30,27,0,3,"{'F': 3, 'P': 0}",61,54,0,7,"{'C': 6, 'J': 0, 'Z': 1}",97,86,-5,11,125,111,-3,14,"{'Q': 9, 'R': 2, 'S': 0, 'T': 0, 'H': 0, 'M': 0}","{'Y': 11, 'A': 1, 'B': 2, 'D': 0, 'E': 0, 'G': 0, 'I': 0, 'K': 0, 'L': 0, 'N': 0, 'O': 0, 'U': 0, 'V': 0, 'W': 0, 'X': 0}",2023-12-19 13:53:00,2023-12-20 1:04:00,On Time
INV-ZZ-1571829,SCH-ZZ-5071799,4167,Boeing 787,IDR,MAA,270,305,255,-15,50,27,54,81,108,31,26,1,5,"{'F': 3, 'P': 2}",63,53,1,10,"{'C': 7, 'J': 3, 'Z': 0}",90,75,6,15,119,100,8,19,"{'Q': 11, 'R': 0, 'S': 4, 'T': 0, 'H': 0, 'M': 0}","{'Y': 13, 'A': 4, 'B': 1, 'D': 0, 'E': 1, 'G': 0, 'I': 0, 'K': 0, 'L': 0, 'N': 0, 'O': 0, 'U': 0, 'V': 0, 'W': 0, 'X': 0}",2023-12-20 13:53:00,2023-12-21 1:04:00,On Time
INV-ZZ-3210033,SCH-ZZ-5071799,4167,Boeing 787,IDR,MAA,270,315,268,-2,47,27,54,81,108,32,27,0,5,"{'F': 0, 'P': 5}",60,51,3,9,"{'C': 2, 'J': 7, 'Z': 0}",92,78,3,14,123,105,3,18,"{'Q': 8, 'R': 0, 'S': 0, 'T': 3, 'H': 0, 'M': 3}","{'Y': 8, 'A': 9, 'B': 0, 'D': 1, 'E': 0, 'G': 0, 'I': 0, 'K': 0, 'L': 0, 'N': 0, 'O': 0, 'U': 0, 'V': 0, 'W': 0, 'X': 0}",2023-12-21 13:53:00,2023-12-22 1:04:00,On Time
INV-ZZ-9588648,SCH-ZZ-5071799,4167,Boeing 787,IDR,MAA,270,311,251,-19,60,27,54,81,108,31,25,2,6,"{'F': 5, 'P': 1}",61,49,5,12,"{'C': 5, 'J': 4, 'Z': 3}",90,73,8,17,123,99,9,24,"{'Q': 4, 'R': 1, 'S': 10, 'T': 0, 'H': 1, 'M': 1}","{'Y': 12, 'A': 11, 'B': 1, 'D': 0, 'E': 0, 'G': 0, 'I': 0, 'K': 0, 'L': 0, 'N': 0, 'O': 0, 'U': 0, 'V': 0, 'W': 0, 'X': 0}",2023-12-23 13:53:00,2023-12-24 1:04:00,On Time
INV-ZZ-5203603,SCH-ZZ-5071799,4167,Boeing 787,IDR,MAA,270,298,249,-21,49,27,54,81,108,32,27,0,5,"{'F': 4, 'P': 1}",64,54,0,10,"{'C': 4, 'J': 6, 'Z': 0}",91,76,5,15,120,100,8,20,"{'Q': 10, 'R': 1, 'S': 2, 'T': 1, 'H': 1, 'M': 0}","{'Y': 3, 'A': 8, 'B': 9, 'D': 0, 'E': 0, 'G': 0, 'I': 0, 'K': 0, 'L': 0, 'N': 0, 'O': 0, 'U': 0, 'V': 0, 'W': 0, 'X': 0}",2023-12-24 13:53:00,2023-12-25 1:04:00,On Time
INV-ZZ-6920668,SCH-ZZ-5071799,4167,Boeing 787,IDR,MAA,270,299,264,-6,35,27,54,81,108,31,27,0,4,"{'F': 0, 'P': 4}",59,52,2,7,"{'C': 5, 'J': 0, 'Z': 2}",92,81,0,11,119,105,3,14,"{'Q': 7, 'R': 1, 'S': 1, 'T': 2, 'H': 0, 'M': 0}","{'Y': 11, 'A': 3, 'B': 0, 'D': 0, 'E': 0, 'G': 0, 'I': 0, 'K': 0, 'L': 0, 'N': 0, 'O': 0, 'U': 0, 'V': 0, 'W': 0, 'X': 0}",2023-12-25 13:53:00,2023-12-26 1:04:00,On Time
INV-ZZ-1584301,SCH-ZZ-5071799,4167,Boeing 787,IDR,MAA,270,320,252,-18,68,27,54,81,108,30,24,3,6,"{'F': 5, 'P': 1}",63,50,4,13,"{'C': 0, 'J': 4, 'Z': 9}",92,72,9,20,121,95,13,26,"{'Q': 5, 'R': 8, 'S': 2, 'T': 1, 'H': 2, 'M': 2}","{'Y': 8, 'A': 8, 'B': 0, 'D': 7, 'E': 0, 'G': 2, 'I': 0, 'K': 1, 'L': 0, 'N': 0, 'O': 0, 'U': 0, 'V': 0, 'W': 0, 'X': 0}",2023-12-26 13:53:00,2023-12-27 1:04:00,On Time
INV-ZZ-5480266,SCH-ZZ-5071799,4167,Boeing 787,IDR,MAA,270,311,282,12,29,27,54,81,108,31,28,-1,3,"{'F': 3, 'P': 0}",61,55,-1,6,"{'C': 2, 'J': 4, 'Z': 0}",94,85,-4,9,124,113,-5,11,"{'Q': 9, 'R': 0, 'S': 0, 'T': 0, 'H': 0, 'M': 0}","{'Y': 6, 'A': 3, 'B': 0, 'D': 1, 'E': 0, 'G': 0, 'I': 0, 'K': 1, 'L': 0, 'N': 0, 'O': 0, 'U': 0, 'V': 0, 'W': 0, 'X': 0}",2023-12-27 13:53:00,2023-12-28 1:04:00,On Time
INV-ZZ-9811407,SCH-ZZ-5336077,2679,Boeing 777-300,GOI,BLR,360,408,324,-36,84,36,72,108,144,41,33,3,8,"{'F': 4, 'P': 4}",81,64,8,17,"{'C': 11, 'J': 5, 'Z': 1}",124,98,10,26,171,136,8,35,"{'Q': 1, 'R': 10, 'S': 11, 'T': 2, 'H': 1, 'M': 1}","{'Y': 22, 'A': 13, 'B': 0, 'D': 0, 'E': 0, 'G': 0, 'I': 0, 'K': 0, 'L': 0, 'N': 0, 'O': 0, 'U': 0, 'V': 0, 'W': 0, 'X': 0}",2023-12-25 22:49:00,2023-12-26 1:50:00,On Time
INV-ZZ-1909064,SCH-ZZ-5336077,2679,Boeing 777-300,GOI,BLR,360,414,357,-3,57,36,72,108,144,42,36,0,6,"{'F': 5, 'P': 1}",85,73,-1,12,"{'C': 5, 'J': 5, 'Z': 2}",123,106,2,17,166,143,1,23,"{'Q': 17, 'R': 0, 'S': 0, 'T': 0, 'H': 0, 'M': 0}","{'Y': 23, 'A': 0, 'B': 0, 'D': 0, 'E': 0, 'G': 0, 'I': 0, 'K': 0, 'L': 0, 'N': 0, 'O': 0, 'U': 0, 'V': 0, 'W': 0, 'X': 0}",2023-12-27 22:49:00,2023-12-28 1:50:00,On Time
INV-ZZ-9132824,SCH-ZZ-5336077,2679,Boeing 777-300,GOI,BLR,360,401,349,-11,52,36,72,108,144,41,36,0,5,"{'F': 0, 'P': 5}",83,72,0,11,"{'C': 7, 'J': 2, 'Z': 2}",124,108,0,16,159,138,6,21,"{'Q': 5, 'R': 1, 'S': 3, 'T': 2, 'H': 4, 'M': 1}","{'Y': 7, 'A': 11, 'B': 0, 'D': 1, 'E': 2, 'G': 0, 'I': 0, 'K': 0, 'L': 0, 'N': 0, 'O': 0, 'U': 0, 'V': 0, 'W': 0, 'X': 0}",2023-12-28 22:49:00,2023-12-29 1:50:00,On Time
INV-ZZ-8754275,SCH-ZZ-5336077,2679,Boeing 777-300,GOI,BLR,360,431,389,29,42,36,72,108,144,40,36,0,4,"{'F': 1, 'P': 3}",86,78,-6,8,"{'C': 5, 'J': 1, 'Z': 2}",123,111,-3,12,170,154,-10,16,"{'Q': 4, 'R': 4, 'S': 4, 'T': 0, 'H': 0, 'M': 0}","{'Y': 8, 'A': 4, 'B': 4, 'D': 0, 'E': 0, 'G': 0, 'I': 0, 'K': 0, 'L': 0, 'N': 0, 'O': 0, 'U': 0, 'V': 0, 'W': 0, 'X': 0}",2023-12-31 22:49:00,2024-01-01 1:50:00,On Time
INV-ZZ-2370284,SCH-ZZ-5336077,2679,Boeing 777-300,GOI,BLR,360,400,314,-46,86,36,72,108,144,42,33,3,9,"{'F': 2, 'P': 7}",80,63,9,17,"{'C': 8, 'J': 2, 'Z': 7}",123,97,11,26,172,135,9,37,"{'Q': 1, 'R': 8, 'S': 3, 'T': 12, 'H': 0, 'M': 2}","{'Y': 14, 'A': 6, 'B': 5, 'D': 0, 'E': 4, 'G': 8, 'I': 0, 'K': 0, 'L': 0, 'N': 0, 'O': 0, 'U': 0, 'V': 0, 'W': 0, 'X': 0}",2024-01-01 22:49:00,2024-01-02 1:50:00,On Time
INV-ZZ-4501568,SCH-ZZ-6301036,2055,Boeing 717,BBI,MAA,100,112,92,-8,20,10,20,30,40,11,9,1,2,"{'F': 0, 'P': 2}",24,20,0,4,"{'C': 3, 'J': 0, 'Z': 1}",33,27,3,6,45,37,3,8,"{'Q': 1, 'R': 0, 'S': 4, 'T': 0, 'H': 1, 'M': 0}","{'Y': 2, 'A': 4, 'B': 2, 'D': 0, 'E': 0, 'G': 0, 'I': 0, 'K': 0, 'L': 0, 'N': 0, 'O': 0, 'U': 0, 'V': 0, 'W': 0, 'X': 0}",2023-12-17 10:51:00,2023-12-18 0:16:00,On Time
INV-ZZ-1069750,SCH-ZZ-6301036,2055,Boeing 717,BBI,MAA,100,116,96,-4,20,10,20,30,40,11,9,1,2,"{'F': 1, 'P': 1}",23,19,1,4,"{'C': 1, 'J': 3, 'Z': 0}",35,29,1,6,46,38,2,8,"{'Q': 6, 'R': 0, 'S': 0, 'T': 0, 'H': 0, 'M': 0}","{'Y': 8, 'A': 0, 'B': 0, 'D': 0, 'E': 0, 'G': 0, 'I': 0, 'K': 0, 'L': 0, 'N': 0, 'O': 0, 'U': 0, 'V': 0, 'W': 0, 'X': 0}",2023-12-18 10:51:00,2023-12-19 0:16:00,On Time
INV-ZZ-5439894,SCH-ZZ-6301036,2055,Boeing 717,BBI,MAA,100,111,98,-2,13,10,20,30,40,12,11,-1,1,"{'F': 1, 'P': 0}",22,19,1,3,"{'C': 2, 'J': 1, 'Z': 0}",34,30,0,4,45,40,0,5,"{'Q': 2, 'R': 0, 'S': 0, 'T': 0, 'H': 1, 'M': 1}","{'Y': 5, 'A': 0, 'B': 0, 'D': 0, 'E': 0, 'G': 0, 'I': 0, 'K': 0, 'L': 0, 'N': 0, 'O': 0, 'U': 0, 'V': 0, 'W': 0, 'X': 0}",2023-12-20 10:51:00,2023-12-21 0:16:00,On Time
INV-ZZ-1190059,SCH-ZZ-6301036,2055,Boeing 717,BBI,MAA,100,116,105,5,11,10,20,30,40,12,11,-1,1,"{'F': 1, 'P': 0}",24,22,-2,2,"{'C': 1, 'J': 1, 'Z': 0}",36,32,-2,4,46,41,-1,5,"{'Q': 0, 'R': 0, 'S': 1, 'T': 1, 'H': 1, 'M': 1}","{'Y': 1, 'A': 3, 'B': 0, 'D': 0, 'E': 0, 'G': 1, 'I': 0, 'K': 0, 'L': 0, 'N': 0, 'O': 0, 'U': 0, 'V': 0, 'W': 0, 'X': 0}",2023-12-24 10:51:00,2023-12-25 0:16:00,On Time
INV-ZZ-8463065,SCH-ZZ-6301036,2055,Boeing 717,BBI,MAA,100,119,101,1,18,10,20,30,40,12,10,0,2,"{'F': 0, 'P': 2}",23,19,1,4,"{'C': 2, 'J': 1, 'Z': 1}",35,30,0,5,46,39,1,7,"{'Q': 4, 'R': 1, 'S': 0, 'T': 0, 'H': 0, 'M': 0}","{'Y': 1, 'A': 5, 'B': 0, 'D': 0, 'E': 0, 'G': 1, 'I': 0, 'K': 0, 'L': 0, 'N': 0, 'O': 0, 'U': 0, 'V': 0, 'W': 0, 'X': 0}",2023-12-25 10:51:00,2023-12-26 0:16:00,On Time
INV-ZZ-5941911,SCH-ZZ-6301036,2055,Boeing 717,BBI,MAA,100,111,97,-3,14,10,20,30,40,11,10,0,1,"{'F': 1, 'P': 0}",23,20,0,3,"{'C': 3, 'J': 0, 'Z': 0}",35,30,0,5,46,40,0,6,"{'Q': 4, 'R': 0, 'S': 1, 'T': 0, 'H': 0, 'M': 0}","{'Y': 5, 'A': 0, 'B': 0, 'D': 0, 'E': 1, 'G': 0, 'I': 0, 'K': 0, 'L': 0, 'N': 0, 'O': 0, 'U': 0, 'V': 0, 'W': 0, 'X': 0}",2023-12-27 10:51:00,2023-12-28 0:16:00,On Time
INV-ZZ-3978573,SCH-ZZ-9594677,2049,BAe 146,CNN,CCU,91,106,86,-5,20,9,18,27,36,10,8,1,2,"{'F': 1, 'P': 1}",20,16,2,4,"{'C': 4, 'J': 0, 'Z': 0}",30,24,3,6,43,35,1,8,"{'Q': 6, 'R': 0, 'S': 0, 'T': 0, 'H': 0, 'M': 0}","{'Y': 5, 'A': 2, 'B': 0, 'D': 1, 'E': 0, 'G': 0, 'I': 0, 'K': 0, 'L': 0, 'N': 0, 'O': 0, 'U': 0, 'V': 0, 'W': 0, 'X': 0}",2023-12-14 2:09:00,2023-12-14 19:44:00,On Time
INV-ZZ-8891904,SCH-ZZ-9594677,2049,BAe 146,CNN,CCU,91,104,89,-2,15,9,18,27,36,10,9,0,1,"{'F': 1, 'P': 0}",21,18,0,3,"{'C': 2, 'J': 1, 'Z': 0}",31,26,1,5,41,35,1,6,"{'Q': 4, 'R': 0, 'S': 0, 'T': 1, 'H': 0, 'M': 0}","{'Y': 5, 'A': 0, 'B': 1, 'D': 0, 'E': 0, 'G': 0, 'I': 0, 'K': 0, 'L': 0, 'N': 0, 'O': 0, 'U': 0, 'V': 0, 'W': 0, 'X': 0}",2023-12-15 2:09:00,2023-12-15 19:44:00,On Time
INV-ZZ-7066976,SCH-ZZ-9594677,2049,BAe 146,CNN,CCU,91,101,86,-5,15,9,18,27,36,10,9,0,1,"{'F': 0, 'P': 1}",21,18,0,3,"{'C': 0, 'J': 3, 'Z': 0}",30,26,1,4,40,34,2,6,"{'Q': 3, 'R': 0, 'S': 0, 'T': 1, 'H': 0, 'M': 0}","{'Y': 2, 'A': 0, 'B': 4, 'D': 0, 'E': 0, 'G': 0, 'I': 0, 'K': 0, 'L': 0, 'N': 0, 'O': 0, 'U': 0, 'V': 0, 'W': 0, 'X': 0}",2023-12-16 2:09:00,2023-12-16 19:44:00,On Time
INV-ZZ-7752551,SCH-ZZ-9594677,2049,BAe 146,CNN,CCU,91,105,84,-7,21,9,18,27,36,10,8,1,2,"{'F': 0, 'P': 2}",20,16,2,4,"{'C': 1, 'J': 1, 'Z': 2}",31,25,2,6,41,33,3,8,"{'Q': 2, 'R': 4, 'S': 0, 'T': 0, 'H': 0, 'M': 0}","{'Y': 7, 'A': 0, 'B': 1, 'D': 0, 'E': 0, 'G': 0, 'I': 0, 'K': 0, 'L': 0, 'N': 0, 'O': 0, 'U': 0, 'V': 0, 'W': 0, 'X': 0}",2023-12-19 2:09:00,2023-12-19 19:44:00,On Time
INV-ZZ-5633849,SCH-ZZ-9594677,2049,BAe 146,CNN,CCU,91,106,98,7,8,9,18,27,36,10,9,0,1,"{'F': 1, 'P': 0}",21,19,-1,2,"{'C': 0, 'J': 1, 'Z': 1}",31,29,-2,2,43,40,-4,3,"{'Q': 1, 'R': 0, 'S': 1, 'T': 0, 'H': 0, 'M': 0}","{'Y': 3, 'A': 0, 'B': 0, 'D': 0, 'E': 0, 'G': 0, 'I': 0, 'K': 0, 'L': 0, 'N': 0, 'O': 0, 'U': 0, 'V': 0, 'W': 0, 'X': 0}",2023-12-20 2:09:00,2023-12-20 19:44:00,On Time
INV-ZZ-9613077,SCH-ZZ-9594677,2049,BAe 146,CNN,CCU,91,104,94,3,10,9,18,27,36,10,9,0,1,"{'F': 0, 'P': 1}",21,19,-1,2,"{'C': 2, 'J': 0, 'Z': 0}",31,28,-1,3,40,36,0,4,"{'Q': 0, 'R': 2, 'S': 0, 'T': 0, 'H': 0, 'M': 1}","{'Y': 0, 'A': 4, 'B': 0, 'D': 0, 'E': 0, 'G': 0, 'I': 0, 'K': 0, 'L': 0, 'N': 0, 'O': 0, 'U': 0, 'V': 0, 'W': 0, 'X': 0}",2023-12-21 2:09:00,2023-12-21 19:44:00,On Time
INV-ZZ-9349633,SCH-ZZ-9594677,2049,BAe 146,CNN,CCU,91,108,91,0,17,9,18,27,36,10,8,1,2,"{'F': 1, 'P': 1}",21,18,0,3,"{'C': 1, 'J': 2, 'Z': 0}",30,25,2,5,41,34,2,7,"{'Q': 4, 'R': 0, 'S': 0, 'T': 0, 'H': 0, 'M': 1}","{'Y': 3, 'A': 3, 'B': 0, 'D': 1, 'E': 0, 'G': 0, 'I': 0, 'K': 0, 'L': 0, 'N': 0, 'O': 0, 'U': 0, 'V': 0, 'W': 0, 'X': 0}",2023-12-22 2:09:00,2023-12-22 19:44:00,On Time
INV-ZZ-8808099,SCH-ZZ-8611652,2406,Boeing 777-300,BLR,IDR,360,424,399,39,25,36,72,108,144,43,40,-4,3,"{'F': 0, 'P': 3}",85,80,-8,5,"{'C': 2, 'J': 0, 'Z': 3}",127,119,-11,8,167,157,-13,10,"{'Q': 3, 'R': 0, 'S': 0, 'T': 1, 'H': 0, 'M': 4}","{'Y': 3, 'A': 3, 'B': 4, 'D': 0, 'E': 0, 'G': 0, 'I': 0, 'K': 0, 'L': 0, 'N': 0, 'O': 0, 'U': 0, 'V': 0, 'W': 0, 'X': 0}",2023-12-09 9:51:00,2023-12-10 7:59:00,On Time
INV-ZZ-9873991,SCH-ZZ-8611652,2406,Boeing 777-300,BLR,IDR,360,402,330,-30,72,36,72,108,144,41,34,2,7,"{'F': 3, 'P': 4}",84,69,3,15,"{'C': 4, 'J': 5, 'Z': 6}",129,106,2,23,168,138,6,30,"{'Q': 4, 'R': 4, 'S': 1, 'T': 8, 'H': 4, 'M': 2}","{'Y': 17, 'A': 2, 'B': 3, 'D': 0, 'E': 3, 'G': 3, 'I': 1, 'K': 0, 'L': 1, 'N': 0, 'O': 0, 'U': 0, 'V': 0, 'W': 0, 'X': 0}",2023-12-11 9:51:00,2023-12-12 7:59:00,On Time
INV-ZZ-4153930,SCH-ZZ-8611652,2406,Boeing 777-300,BLR,IDR,360,417,364,4,53,36,72,108,144,42,37,-1,5,"{'F': 5, 'P': 0}",81,71,1,10,"{'C': 9, 'J': 0, 'Z': 1}",126,110,-2,16,161,141,3,20,"{'Q': 10, 'R': 3, 'S': 2, 'T': 1, 'H': 0, 'M': 0}","{'Y': 7, 'A': 5, 'B': 8, 'D': 0, 'E': 0, 'G': 0, 'I': 0, 'K': 0, 'L': 0, 'N': 0, 'O': 0, 'U': 0, 'V': 0, 'W': 0, 'X': 0}",2023-12-12 9:51:00,2023-12-13 7:59:00,On Time
INV-ZZ-8614468,SCH-ZZ-8611652,2406,Boeing 777-300,BLR,IDR,360,404,333,-27,71,36,72,108,144,40,33,3,7,"{'F': 6, 'P': 1}",86,71,1,15,"{'C': 13, 'J': 2, 'Z': 0}",120,99,9,21,164,135,9,29,"{'Q': 4, 'R': 14, 'S': 3, 'T': 0, 'H': 0, 'M': 0}","{'Y': 28, 'A': 1, 'B': 0, 'D': 0, 'E': 0, 'G': 0, 'I': 0, 'K': 0, 'L': 0, 'N': 0, 'O': 0, 'U': 0, 'V': 0, 'W': 0, 'X': 0}",2023-12-13 9:51:00,2023-12-14 7:59:00,On Time
INV-ZZ-5473702,SCH-ZZ-4348536,2526,Airbus A320 Neo,GAU,BLR,180,210,179,-1,31,18,36,54,72,20,17,1,3,"{'F': 2, 'P': 1}",43,37,-1,6,"{'C': 2, 'J': 2, 'Z': 2}",63,54,0,9,86,73,-1,13,"{'Q': 9, 'R': 0, 'S': 0, 'T': 0, 'H': 0, 'M': 0}","{'Y': 0, 'A': 12, 'B': 0, 'D': 0, 'E': 1, 'G': 0, 'I': 0, 'K': 0, 'L': 0, 'N': 0, 'O': 0, 'U': 0, 'V': 0, 'W': 0, 'X': 0}",2023-12-14 8:34:00,2023-12-14 8:47:00,On Time
INV-ZZ-1442968,SCH-ZZ-4348536,2526,Airbus A320 Neo,GAU,BLR,180,202,186,6,16,18,36,54,72,20,18,0,2,"{'F': 2, 'P': 0}",40,37,-1,3,"{'C': 3, 'J': 0, 'Z': 0}",63,58,-4,5,82,75,-3,7,"{'Q': 5, 'R': 0, 'S': 0, 'T': 0, 'H': 0, 'M': 0}","{'Y': 6, 'A': 1, 'B': 0, 'D': 0, 'E': 0, 'G': 0, 'I': 0, 'K': 0, 'L': 0, 'N': 0, 'O': 0, 'U': 0, 'V': 0, 'W': 0, 'X': 0}",2023-12-16 8:34:00,2023-12-16 8:47:00,On Time
INV-ZZ-3600201,SCH-ZZ-4348536,2526,Airbus A320 Neo,GAU,BLR,180,213,188,8,25,18,36,54,72,21,19,-1,2,"{'F': 1, 'P': 1}",40,35,1,5,"{'C': 2, 'J': 3, 'Z': 0}",60,53,1,7,83,73,-1,10,"{'Q': 1, 'R': 5, 'S': 0, 'T': 0, 'H': 1, 'M': 0}","{'Y': 2, 'A': 3, 'B': 1, 'D': 3, 'E': 0, 'G': 0, 'I': 1, 'K': 0, 'L': 0, 'N': 0, 'O': 0, 'U': 0, 'V': 0, 'W': 0, 'X': 0}",2023-12-20 8:34:00,2023-12-20 8:47:00,On Time
INV-ZZ-7549585,SCH-ZZ-4348536,2526,Airbus A320 Neo,GAU,BLR,180,209,195,15,14,18,36,54,72,21,20,-2,1,"{'F': 0, 'P': 1}",40,37,-1,3,"{'C': 2, 'J': 1, 'Z': 0}",60,56,-2,4,80,75,-3,5,"{'Q': 2, 'R': 1, 'S': 1, 'T': 0, 'H': 0, 'M': 0}","{'Y': 2, 'A': 1, 'B': 1, 'D': 0, 'E': 0, 'G': 1, 'I': 0, 'K': 0, 'L': 0, 'N': 0, 'O': 0, 'U': 0, 'V': 0, 'W': 0, 'X': 0}",2023-12-21 8:34:00,2023-12-21 8:47:00,On Time
INV-ZZ-4889368,SCH-ZZ-1074893,3417,Airbus A321 Neo,CNN,MAA,220,252,210,-10,42,22,44,66,88,25,21,1,4,"{'F': 2, 'P': 2}",52,43,1,9,"{'C': 6, 'J': 2, 'Z': 1}",76,63,3,13,98,82,6,16,"{'Q': 1, 'R': 5, 'S': 7, 'T': 0, 'H': 0, 'M': 0}","{'Y': 15, 'A': 1, 'B': 0, 'D': 0, 'E': 0, 'G': 0, 'I': 0, 'K': 0, 'L': 0, 'N': 0, 'O': 0, 'U': 0, 'V': 0, 'W': 0, 'X': 0}",2023-12-06 4:37:00,2023-12-06 12:50:00,Cancelled
INV-ZZ-1373383,SCH-ZZ-1074893,3417,Airbus A321 Neo,CNN,MAA,220,249,209,-11,40,22,44,66,88,24,20,2,4,"{'F': 0, 'P': 4}",52,44,0,8,"{'C': 2, 'J': 6, 'Z': 0}",73,61,5,12,103,87,1,16,"{'Q': 5, 'R': 5, 'S': 2, 'T': 0, 'H': 0, 'M': 0}","{'Y': 7, 'A': 0, 'B': 3, 'D': 6, 'E': 0, 'G': 0, 'I': 0, 'K': 0, 'L': 0, 'N': 0, 'O': 0, 'U': 0, 'V': 0, 'W': 0, 'X': 0}",2023-12-07 4:37:00,2023-12-07 12:50:00,Cancelled
INV-ZZ-6126689,SCH-ZZ-1074893,3417,Airbus A321 Neo,CNN,MAA,220,259,219,-1,40,22,44,66,88,24,20,2,4,"{'F': 2, 'P': 2}",51,43,1,8,"{'C': 3, 'J': 1, 'Z': 4}",78,66,0,12,100,84,4,16,"{'Q': 8, 'R': 0, 'S': 0, 'T': 2, 'H': 2, 'M': 0}","{'Y': 0, 'A': 12, 'B': 1, 'D': 3, 'E': 0, 'G': 0, 'I': 0, 'K': 0, 'L': 0, 'N': 0, 'O': 0, 'U': 0, 'V': 0, 'W': 0, 'X': 0}",2023-12-08 4:37:00,2023-12-08 12:50:00,On Time
INV-ZZ-8899235,SCH-ZZ-1074893,3417,Airbus A321 Neo,CNN,MAA,220,244,227,7,17,22,44,66,88,25,23,-1,2,"{'F': 1, 'P': 1}",53,49,-5,4,"{'C': 0, 'J': 3, 'Z': 1}",74,69,-3,5,104,97,-9,7,"{'Q': 3, 'R': 2, 'S': 0, 'T': 0, 'H': 0, 'M': 0}","{'Y': 4, 'A': 0, 'B': 3, 'D': 0, 'E': 0, 'G': 0, 'I': 0, 'K': 0, 'L': 0, 'N': 0, 'O': 0, 'U': 0, 'V': 0, 'W': 0, 'X': 0}",2023-12-11 4:37:00,2023-12-11 12:50:00,On Time
INV-ZZ-9300820,SCH-ZZ-1074893,3417,Airbus A321 Neo,CNN,MAA,220,256,219,-1,37,22,44,66,88,25,21,1,4,"{'F': 0, 'P': 4}",50,43,1,7,"{'C': 1, 'J': 4, 'Z': 2}",77,66,0,11,103,88,0,15,"{'Q': 6, 'R': 2, 'S': 1, 'T': 0, 'H': 1, 'M': 1}","{'Y': 8, 'A': 5, 'B': 0, 'D': 1, 'E': 0, 'G': 1, 'I': 0, 'K': 0, 'L': 0, 'N': 0, 'O': 0, 'U': 0, 'V': 0, 'W': 0, 'X': 0}",2023-12-13 4:37:00,2023-12-13 12:50:00,On Time
INV-ZZ-4517440,SCH-ZZ-1074893,3417,Airbus A321 Neo,CNN,MAA,220,251,239,19,12,22,44,66,88,26,25,-3,1,"{'F': 0, 'P': 1}",52,50,-6,2,"{'C': 1, 'J': 1, 'Z': 0}",76,72,-6,4,99,94,-6,5,"{'Q': 1, 'R': 1, 'S': 2, 'T': 0, 'H': 0, 'M': 0}","{'Y': 3, 'A': 1, 'B': 1, 'D': 0, 'E': 0, 'G': 0, 'I': 0, 'K': 0, 'L': 0, 'N': 0, 'O': 0, 'U': 0, 'V': 0, 'W': 0, 'X': 0}",2023-12-14 4:37:00,2023-12-14 12:50:00,On Time
INV-ZZ-6398168,SCH-ZZ-1074893,3417,Airbus A321 Neo,CNN,MAA,220,263,249,29,14,22,44,66,88,24,23,-1,1,"{'F': 1, 'P': 0}",49,46,-2,3,"{'C': 3, 'J': 0, 'Z': 0}",79,75,-9,4,99,94,-6,5,"{'Q': 0, 'R': 0, 'S': 1, 'T': 2, 'H': 0, 'M': 1}","{'Y': 1, 'A': 0, 'B': 0, 'D': 0, 'E': 3, 'G': 0, 'I': 0, 'K': 1, 'L': 0, 'N': 0, 'O': 0, 'U': 0, 'V': 0, 'W': 0, 'X': 0}",2023-12-15 4:37:00,2023-12-15 12:50:00,On Time
INV-ZZ-2027860,SCH-ZZ-8192239,2631,Boeing 777-300,LKO,CNN,360,427,366,6,61,36,72,108,144,42,36,0,6,"{'F': 2, 'P': 4}",84,72,0,12,"{'C': 2, 'J': 2, 'Z': 8}",120,103,5,17,159,136,8,23,"{'Q': 9, 'R': 1, 'S': 7, 'T': 0, 'H': 0, 'M': 0}","{'Y': 9, 'A': 6, 'B': 0, 'D': 6, 'E': 2, 'G': 0, 'I': 0, 'K': 0, 'L': 0, 'N': 0, 'O': 0, 'U': 0, 'V': 0, 'W': 0, 'X': 0}",2023-12-08 13:58:00,2023-12-09 8:18:00,On Time
INV-ZZ-9547389,SCH-ZZ-8192239,2631,Boeing 777-300,LKO,CNN,360,407,387,27,20,36,72,108,144,43,41,-5,2,"{'F': 2, 'P': 0}",79,75,-3,4,"{'C': 2, 'J': 1, 'Z': 1}",123,117,-9,6,163,155,-11,8,"{'Q': 3, 'R': 2, 'S': 1, 'T': 0, 'H': 0, 'M': 0}","{'Y': 3, 'A': 2, 'B': 3, 'D': 0, 'E': 0, 'G': 0, 'I': 0, 'K': 0, 'L': 0, 'N': 0, 'O': 0, 'U': 0, 'V': 0, 'W': 0, 'X': 0}",2023-12-09 13:58:00,2023-12-10 8:18:00,On Time
INV-ZZ-5693771,SCH-ZZ-8192239,2631,Boeing 777-300,LKO,CNN,360,402,374,14,28,36,72,108,144,41,38,-2,3,"{'F': 2, 'P': 1}",84,78,-6,6,"{'C': 3, 'J': 1, 'Z': 2}",119,111,-3,8,171,159,-15,12,"{'Q': 7, 'R': 1, 'S': 0, 'T': 0, 'H': 0, 'M': 0}","{'Y': 0, 'A': 3, 'B': 6, 'D': 1, 'E': 2, 'G': 0, 'I': 0, 'K': 0, 'L': 0, 'N': 0, 'O': 0, 'U': 0, 'V': 0, 'W': 0, 'X': 0}",2023-12-10 13:58:00,2023-12-11 8:18:00,On Time
INV-ZZ-6561950,SCH-ZZ-8192239,2631,Boeing 777-300,LKO,CNN,360,414,380,20,34,36,72,108,144,43,39,-3,4,"{'F': 1, 'P': 3}",82,75,-3,7,"{'C': 3, 'J': 4, 'Z': 0}",120,110,-2,10,173,159,-15,14,"{'Q': 7, 'R': 2, 'S': 1, 'T': 0, 'H': 0, 'M': 0}","{'Y': 5, 'A': 8, 'B': 1, 'D': 0, 'E': 0, 'G': 0, 'I': 0, 'K': 0, 'L': 0, 'N': 0, 'O': 0, 'U': 0, 'V': 0, 'W': 0, 'X': 0}",2023-12-11 13:58:00,2023-12-12 8:18:00,On Time
INV-ZZ-9602069,SCH-ZZ-8192239,2631,Boeing 777-300,LKO,CNN,360,414,393,33,21,36,72,108,144,40,38,-2,2,"{'F': 0, 'P': 2}",83,79,-7,4,"{'C': 0, 'J': 2, 'Z': 2}",123,117,-9,6,159,151,-7,8,"{'Q': 2, 'R': 1, 'S': 1, 'T': 1, 'H': 1, 'M': 0}","{'Y': 6, 'A': 2, 'B': 0, 'D': 0, 'E': 0, 'G': 0, 'I': 0, 'K': 0, 'L': 0, 'N': 0, 'O': 0, 'U': 0, 'V': 0, 'W': 0, 'X': 0}",2023-12-12 13:58:00,2023-12-13 8:18:00,On Time
INV-ZZ-5094382,SCH-ZZ-8192239,2631,Boeing 777-300,LKO,CNN,360,414,340,-20,74,36,72,108,144,42,35,1,7,"{'F': 6, 'P': 1}",80,66,6,14,"{'C': 6, 'J': 5, 'Z': 3}",123,101,7,22,173,142,2,31,"{'Q': 6, 'R': 13, 'S': 1, 'T': 0, 'H': 0, 'M': 2}","{'Y': 18, 'A': 5, 'B': 0, 'D': 6, 'E': 0, 'G': 1, 'I': 0, 'K': 1, 'L': 0, 'N': 0, 'O': 0, 'U': 0, 'V': 0, 'W': 0, 'X': 0}",2023-12-15 13:58:00,2023-12-16 8:18:00,On Time
INV-ZZ-2575220,SCH-ZZ-7229948,2323,Airbus A320 Neo,CCU,COK,180,201,167,-13,34,18,36,54,72,20,17,1,3,"{'F': 0, 'P': 3}",41,34,2,7,"{'C': 6, 'J': 1, 'Z': 0}",63,52,2,11,81,67,5,14,"{'Q': 3, 'R': 8, 'S': 0, 'T': 0, 'H': 0, 'M': 0}","{'Y': 11, 'A': 3, 'B': 0, 'D': 0, 'E': 0, 'G': 0, 'I': 0, 'K': 0, 'L': 0, 'N': 0, 'O': 0, 'U': 0, 'V': 0, 'W': 0, 'X': 0}",2023-12-10 6:31:00,2023-12-11 1:00:00,On Time
INV-ZZ-6108106,SCH-ZZ-7229948,2323,Airbus A320 Neo,CCU,COK,180,210,181,1,29,18,36,54,72,21,18,0,3,"{'F': 0, 'P': 3}",41,35,1,6,"{'C': 6, 'J': 0, 'Z': 0}",63,54,0,9,80,69,3,11,"{'Q': 0, 'R': 8, 'S': 0, 'T': 1, 'H': 0, 'M': 0}","{'Y': 11, 'A': 0, 'B': 0, 'D': 0, 'E': 0, 'G': 0, 'I': 0, 'K': 0, 'L': 0, 'N': 0, 'O': 0, 'U': 0, 'V': 0, 'W': 0, 'X': 0}",2023-12-11 6:31:00,2023-12-12 1:00:00,On Time
INV-ZZ-3825311,SCH-ZZ-7229948,2323,Airbus A320 Neo,CCU,COK,180,198,175,-5,23,18,36,54,72,20,18,0,2,"{'F': 1, 'P': 1}",40,35,1,5,"{'C': 0, 'J': 2, 'Z': 3}",63,56,-2,7,80,71,1,9,"{'Q': 7, 'R': 0, 'S': 0, 'T': 0, 'H': 0, 'M': 0}","{'Y': 0, 'A': 6, 'B': 1, 'D': 0, 'E': 0, 'G': 1, 'I': 1, 'K': 0, 'L': 0, 'N': 0, 'O': 0, 'U': 0, 'V': 0, 'W': 0, 'X': 0}",2023-12-12 6:31:00,2023-12-13 1:00:00,On Time
INV-ZZ-1129266,SCH-ZZ-7229948,2323,Airbus A320 Neo,CCU,COK,180,212,189,9,23,18,36,54,72,20,18,0,2,"{'F': 0, 'P': 2}",43,38,-2,5,"{'C': 0, 'J': 5, 'Z': 0}",61,54,0,7,82,73,-1,9,"{'Q': 5, 'R': 2, 'S': 0, 'T': 0, 'H': 0, 'M': 0}","{'Y': 6, 'A': 3, 'B': 0, 'D': 0, 'E': 0, 'G': 0, 'I': 0, 'K': 0, 'L': 0, 'N': 0, 'O': 0, 'U': 0, 'V': 0, 'W': 0, 'X': 0}",2023-12-13 6:31:00,2023-12-14 1:00:00,On Time
INV-ZZ-8054282,SCH-ZZ-7229948,2323,Airbus A320 Neo,CCU,COK,180,214,193,13,21,18,36,54,72,21,19,-1,2,"{'F': 1, 'P': 1}",42,38,-2,4,"{'C': 1, 'J': 0, 'Z': 3}",60,54,0,6,83,75,-3,8,"{'Q': 4, 'R': 1, 'S': 1, 'T': 0, 'H': 0, 'M': 0}","{'Y': 1, 'A': 1, 'B': 5, 'D': 1, 'E': 0, 'G': 0, 'I': 0, 'K': 0, 'L': 0, 'N': 0, 'O': 0, 'U': 0, 'V': 0, 'W': 0, 'X': 0}",2023-12-14 6:31:00,2023-12-15 1:00:00,On Time
INV-ZZ-2986168,SCH-ZZ-4710588,3584,Airbus A320 Neo,LKO,GOI,180,211,187,7,24,18,36,54,72,20,18,0,2,"{'F': 0, 'P': 2}",40,35,1,5,"{'C': 0, 'J': 2, 'Z': 3}",64,57,-3,7,79,70,2,9,"{'Q': 4, 'R': 3, 'S': 0, 'T': 0, 'H': 0, 'M': 0}","{'Y': 8, 'A': 0, 'B': 0, 'D': 0, 'E': 1, 'G': 0, 'I': 0, 'K': 0, 'L': 0, 'N': 0, 'O': 0, 'U': 0, 'V': 0, 'W': 0, 'X': 0}",2023-12-16 5:34:00,2023-12-16 6:38:00,On Time
INV-ZZ-6171417,SCH-ZZ-4710588,3584,Airbus A320 Neo,LKO,GOI,180,215,199,19,16,18,36,54,72,21,19,-1,2,"{'F': 2, 'P': 0}",40,37,-1,3,"{'C': 0, 'J': 1, 'Z': 2}",62,57,-3,5,83,77,-5,6,"{'Q': 2, 'R': 0, 'S': 1, 'T': 2, 'H': 0, 'M': 0}","{'Y': 0, 'A': 5, 'B': 0, 'D': 1, 'E': 0, 'G': 0, 'I': 0, 'K': 0, 'L': 0, 'N': 0, 'O': 0, 'U': 0, 'V': 0, 'W': 0, 'X': 0}",2023-12-18 5:34:00,2023-12-18 6:38:00,On Time
INV-ZZ-2396950,SCH-ZZ-1922965,2814,Boeing 717,JAI,IDR,100,112,100,0,12,10,20,30,40,12,11,-1,1,"{'F': 1, 'P': 0}",23,20,0,3,"{'C': 0, 'J': 3, 'Z': 0}",36,32,-2,4,46,41,-1,5,"{'Q': 0, 'R': 0, 'S': 2, 'T': 1, 'H': 0, 'M': 1}","{'Y': 2, 'A': 3, 'B': 0, 'D': 0, 'E': 0, 'G': 0, 'I': 0, 'K': 0, 'L': 0, 'N': 0, 'O': 0, 'U': 0, 'V': 0, 'W': 0, 'X': 0}",2023-12-05 16:12:00,2023-12-06 10:06:00,On Time
INV-ZZ-6838868,SCH-ZZ-1922965,2814,Boeing 717,JAI,IDR,100,117,98,-2,19,10,20,30,40,11,9,1,2,"{'F': 0, 'P': 2}",23,19,1,4,"{'C': 2, 'J': 0, 'Z': 2}",34,28,2,6,44,37,3,7,"{'Q': 1, 'R': 0, 'S': 2, 'T': 1, 'H': 2, 'M': 0}","{'Y': 5, 'A': 0, 'B': 0, 'D': 0, 'E': 0, 'G': 2, 'I': 0, 'K': 0, 'L': 0, 'N': 0, 'O': 0, 'U': 0, 'V': 0, 'W': 0, 'X': 0}",2023-12-07 16:12:00,2023-12-08 10:06:00,Cancelled
INV-ZZ-7806029,SCH-ZZ-1922965,2814,Boeing 717,JAI,IDR,100,118,99,-1,19,10,20,30,40,11,9,1,2,"{'F': 2, 'P': 0}",22,18,2,4,"{'C': 4, 'J': 0, 'Z': 0}",33,28,2,5,46,39,1,7,"{'Q': 0, 'R': 1, 'S': 1, 'T': 2, 'H': 0, 'M': 1}","{'Y': 1, 'A': 3, 'B': 1, 'D': 1, 'E': 0, 'G': 0, 'I': 0, 'K': 0, 'L': 1, 'N': 0, 'O': 0, 'U': 0, 'V': 0, 'W': 0, 'X': 0}",2023-12-12 16:12:00,2023-12-13 10:06:00,On Time
INV-ZZ-8142569,SCH-ZZ-1922965,2814,Boeing 717,JAI,IDR,100,115,104,4,11,10,20,30,40,11,10,0,1,"{'F': 1, 'P': 0}",24,22,-2,2,"{'C': 1, 'J': 1, 'Z': 0}",35,32,-2,3,44,40,0,4,"{'Q': 0, 'R': 2, 'S': 1, 'T': 0, 'H': 0, 'M': 0}","{'Y': 3, 'A': 1, 'B': 0, 'D': 0, 'E': 0, 'G': 0, 'I': 0, 'K': 0, 'L': 0, 'N': 0, 'O': 0, 'U': 0, 'V': 0, 'W': 0, 'X': 0}",2023-12-09 13:10:00,2023-12-09 16:06:00,On Time
INV-ZZ-3403176,SCH-ZZ-4169396,2120,Boeing 777,BLR,JAI,425,509,470,45,39,42,85,127,170,47,43,-1,4,"{'F': 1, 'P': 3}",99,91,-6,8,"{'C': 7, 'J': 1, 'Z': 0}",147,136,-9,11,187,173,-3,14,"{'Q': 8, 'R': 3, 'S': 0, 'T': 0, 'H': 0, 'M': 0}","{'Y': 13, 'A': 0, 'B': 0, 'D': 0, 'E': 0, 'G': 1, 'I': 0, 'K': 0, 'L': 0, 'N': 0, 'O': 0, 'U': 0, 'V': 0, 'W': 0, 'X': 0}",2023-12-14 8:01:00,2023-12-14 8:17:00,On Time
INV-ZZ-1765854,SCH-ZZ-4169396,2120,Boeing 777,BLR,JAI,425,484,429,4,55,42,85,127,170,48,43,-1,5,"{'F': 2, 'P': 3}",101,90,-5,11,"{'C': 11, 'J': 0, 'Z': 0}",150,133,-6,17,189,168,2,21,"{'Q': 9, 'R': 7, 'S': 0, 'T': 1, 'H': 0, 'M': 0}","{'Y': 21, 'A': 0, 'B': 0, 'D': 0, 'E': 0, 'G': 0, 'I': 0, 'K': 0, 'L': 0, 'N': 0, 'O': 0, 'U': 0, 'V': 0, 'W': 0, 'X': 0}",2023-12-15 8:01:00,2023-12-15 8:17:00,On Time
INV-ZZ-3808262,SCH-ZZ-4169396,2120,Boeing 777,BLR,JAI,425,484,449,24,35,42,85,127,170,47,44,-2,3,"{'F': 2, 'P': 1}",94,87,-2,7,"{'C': 5, 'J': 2, 'Z': 0}",147,136,-9,11,190,176,-6,14,"{'Q': 0, 'R': 7, 'S': 4, 'T': 0, 'H': 0, 'M': 0}","{'Y': 4, 'A': 10, 'B': 0, 'D': 0, 'E': 0, 'G': 0, 'I': 0, 'K': 0, 'L': 0, 'N': 0, 'O': 0, 'U': 0, 'V': 0, 'W': 0, 'X': 0}",2023-12-16 8:01:00,2023-12-16 8:17:00,On Time
INV-ZZ-4314200,SCH-ZZ-4169396,2120,Boeing 777,BLR,JAI,425,485,393,-32,92,42,85,127,170,49,40,2,9,"{'F': 9, 'P': 0}",96,78,7,18,"{'C': 16, 'J': 2, 'Z': 0}",144,117,10,27,196,159,11,37,"{'Q': 24, 'R': 3, 'S': 0, 'T': 0, 'H': 0, 'M': 0}","{'Y': 37, 'A': 0, 'B': 0, 'D': 0, 'E': 0, 'G': 0, 'I': 0, 'K': 0, 'L': 0, 'N': 0, 'O': 0, 'U': 0, 'V': 0, 'W': 0, 'X': 0}",2023-12-17 8:01:00,2023-12-17 8:17:00,On Time
INV-ZZ-4648477,SCH-ZZ-4169396,2120,Boeing 777,BLR,JAI,425,488,399,-26,89,42,85,127,170,48,39,3,9,"{'F': 4, 'P': 5}",98,80,5,18,"{'C': 1, 'J': 12, 'Z': 5}",140,115,12,25,189,155,15,34,"{'Q': 20, 'R': 2, 'S': 1, 'T': 0, 'H': 0, 'M': 2}","{'Y': 8, 'A': 9, 'B': 16, 'D': 1, 'E': 0, 'G': 0, 'I': 0, 'K': 0, 'L': 0, 'N': 0, 'O': 0, 'U': 0, 'V': 0, 'W': 0, 'X': 0}",2023-12-18 8:01:00,2023-12-18 8:17:00,On Time
INV-ZZ-1503667,SCH-ZZ-4169396,2120,Boeing 777,BLR,JAI,425,504,401,-24,103,42,85,127,170,47,37,5,10,"{'F': 0, 'P': 10}",96,76,9,20,"{'C': 15, 'J': 5, 'Z': 0}",145,115,12,30,195,155,15,40,"{'Q': 20, 'R': 2, 'S': 4, 'T': 2, 'H': 0, 'M': 2}","{'Y': 32, 'A': 1, 'B': 2, 'D': 5, 'E': 0, 'G': 0, 'I': 0, 'K': 0, 'L': 0, 'N': 0, 'O': 0, 'U': 0, 'V': 0, 'W': 0, 'X': 0}",2023-12-21 8:01:00,2023-12-21 8:17:00,On Time
INV-ZZ-7732494,SCH-ZZ-9528364,2299,BAe 146,TRV,BLR,91,106,85,-6,21,9,18,27,36,11,9,0,2,"{'F': 2, 'P': 0}",21,17,1,4,"{'C': 4, 'J': 0, 'Z': 0}",32,26,1,6,42,34,2,8,"{'Q': 4, 'R': 1, 'S': 0, 'T': 1, 'H': 0, 'M': 0}","{'Y': 7, 'A': 0, 'B': 1, 'D': 0, 'E': 0, 'G': 0, 'I': 0, 'K': 0, 'L': 0, 'N': 0, 'O': 0, 'U': 0, 'V': 0, 'W': 0, 'X': 0}",2023-12-20 0:39:00,2023-12-20 21:05:00,On Time
INV-ZZ-6288528,SCH-ZZ-9528364,2299,BAe 146,TRV,BLR,91,103,91,0,12,9,18,27,36,10,9,0,1,"{'F': 1, 'P': 0}",20,18,0,2,"{'C': 2, 'J': 0, 'Z': 0}",31,27,0,4,40,35,1,5,"{'Q': 0, 'R': 2, 'S': 1, 'T': 1, 'H': 0, 'M': 0}","{'Y': 3, 'A': 2, 'B': 0, 'D': 0, 'E': 0, 'G': 0, 'I': 0, 'K': 0, 'L': 0, 'N': 0, 'O': 0, 'U': 0, 'V': 0, 'W': 0, 'X': 0}",2023-12-22 0:39:00,2023-12-22 21:05:00,On Time
INV-ZZ-3987062,SCH-ZZ-9528364,2299,BAe 146,TRV,BLR,91,101,90,-1,11,9,18,27,36,10,9,0,1,"{'F': 0, 'P': 1}",20,18,0,2,"{'C': 0, 'J': 2, 'Z': 0}",30,27,0,3,40,36,0,4,"{'Q': 2, 'R': 0, 'S': 0, 'T': 0, 'H': 1, 'M': 0}","{'Y': 0, 'A': 2, 'B': 0, 'D': 2, 'E': 0, 'G': 0, 'I': 0, 'K': 0, 'L': 0, 'N': 0, 'O': 0, 'U': 0, 'V': 0, 'W': 0, 'X': 0}",2023-12-23 0:39:00,2023-12-23 21:05:00,On Time
INV-ZZ-8691008,SCH-ZZ-6454179,2973,Boeing 717,IDR,BOM,100,119,115,15,4,10,20,30,40,11,11,-1,0,"{'F': 0, 'P': 0}",23,22,-2,1,"{'C': 0, 'J': 0, 'Z': 1}",36,35,-5,1,45,43,-3,2,"{'Q': 0, 'R': 0, 'S': 0, 'T': 0, 'H': 1, 'M': 0}","{'Y': 0, 'A': 2, 'B': 0, 'D': 0, 'E': 0, 'G': 0, 'I': 0, 'K': 0, 'L': 0, 'N': 0, 'O': 0, 'U': 0, 'V': 0, 'W': 0, 'X': 0}",2023-12-09 16:53:00,2023-12-09 22:06:00,On Time
INV-ZZ-4844919,SCH-ZZ-6454179,2973,Boeing 717,IDR,BOM,100,117,105,5,12,10,20,30,40,11,10,0,1,"{'F': 1, 'P': 0}",23,21,-1,2,"{'C': 1, 'J': 1, 'Z': 0}",34,31,-1,3,48,43,-3,5,"{'Q': 1, 'R': 0, 'S': 0, 'T': 0, 'H': 0, 'M': 2}","{'Y': 2, 'A': 2, 'B': 1, 'D': 0, 'E': 0, 'G': 0, 'I': 0, 'K': 0, 'L': 0, 'N': 0, 'O': 0, 'U': 0, 'V': 0, 'W': 0, 'X': 0}",2023-12-06 16:53:00,2023-12-07 12:06:00,Cancelled
INV-ZZ-7316617,SCH-ZZ-6454179,2973,Boeing 717,IDR,BOM,100,116,99,-1,17,10,20,30,40,11,9,1,2,"{'F': 0, 'P': 2}",23,20,0,3,"{'C': 2, 'J': 1, 'Z': 0}",34,29,1,5,46,39,1,7,"{'Q': 4, 'R': 0, 'S': 1, 'T': 0, 'H': 0, 'M': 0}","{'Y': 0, 'A': 1, 'B': 6, 'D': 0, 'E': 0, 'G': 0, 'I': 0, 'K': 0, 'L': 0, 'N': 0, 'O': 0, 'U': 0, 'V': 0, 'W': 0, 'X': 0}",2023-12-07 16:53:00,2023-12-08 12:06:00,On Time
INV-ZZ-4526329,SCH-ZZ-6454179,2973,Boeing 717,IDR,BOM,100,116,103,3,13,10,20,30,40,11,10,0,1,"{'F': 0, 'P': 1}",23,20,0,3,"{'C': 2, 'J': 1, 'Z': 0}",34,30,0,4,47,42,-2,5,"{'Q': 1, 'R': 2, 'S': 0, 'T': 0, 'H': 0, 'M': 1}","{'Y': 2, 'A': 1, 'B': 2, 'D': 0, 'E': 0, 'G': 0, 'I': 0, 'K': 0, 'L': 0, 'N': 0, 'O': 0, 'U': 0, 'V': 0, 'W': 0, 'X': 0}",2023-12-09 16:53:00,2023-12-10 12:06:00,On Time
INV-ZZ-1642089,SCH-ZZ-6454179,2973,Boeing 717,IDR,BOM,100,112,103,3,9,10,20,30,40,11,10,0,1,"{'F': 0, 'P': 1}",23,21,-1,2,"{'C': 0, 'J': 2, 'Z': 0}",36,33,-3,3,44,41,-1,3,"{'Q': 3, 'R': 0, 'S': 0, 'T': 0, 'H': 0, 'M': 0}","{'Y': 0, 'A': 2, 'B': 1, 'D': 0, 'E': 0, 'G': 0, 'I': 0, 'K': 0, 'L': 0, 'N': 0, 'O': 0, 'U': 0, 'V': 0, 'W': 0, 'X': 0}",2023-12-10 16:53:00,2023-12-11 12:06:00,On Time
INV-ZZ-1842209,SCH-ZZ-6454179,2973,Boeing 717,IDR,BOM,100,111,91,-9,20,10,20,30,40,12,10,0,2,"{'F': 1, 'P': 1}",23,19,1,4,"{'C': 2, 'J': 2, 'Z': 0}",35,29,1,6,47,38,2,9,"{'Q': 4, 'R': 0, 'S': 0, 'T': 2, 'H': 0, 'M': 0}","{'Y': 4, 'A': 4, 'B': 1, 'D': 0, 'E': 0, 'G': 0, 'I': 0, 'K': 0, 'L': 0, 'N': 0, 'O': 0, 'U': 0, 'V': 0, 'W': 0, 'X': 0}",2023-12-11 16:53:00,2023-12-12 12:06:00,On Time
INV-ZZ-5831476,SCH-ZZ-6454179,2973,Boeing 717,IDR,BOM,100,114,102,2,12,10,20,30,40,12,11,-1,1,"{'F': 1, 'P': 0}",23,20,0,3,"{'C': 1, 'J': 2, 'Z': 0}",33,29,1,4,45,40,0,5,"{'Q': 1, 'R': 3, 'S': 0, 'T': 0, 'H': 0, 'M': 0}","{'Y': 1, 'A': 3, 'B': 1, 'D': 0, 'E': 0, 'G': 0, 'I': 0, 'K': 0, 'L': 0, 'N': 0, 'O': 0, 'U': 0, 'V': 0, 'W': 0, 'X': 0}",2023-12-13 16:53:00,2023-12-14 12:06:00,On Time
INV-ZZ-4670252,SCH-ZZ-6454179,2973,Boeing 717,IDR,BOM,100,114,100,0,14,10,20,30,40,12,11,-1,1,"{'F': 1, 'P': 0}",22,19,1,3,"{'C': 0, 'J': 0, 'Z': 3}",33,29,1,4,47,41,-1,6,"{'Q': 4, 'R': 0, 'S': 0, 'T': 0, 'H': 0, 'M': 0}","{'Y': 4, 'A': 0, 'B': 0, 'D': 0, 'E': 1, 'G': 1, 'I': 0, 'K': 0, 'L': 0, 'N': 0, 'O': 0, 'U': 0, 'V': 0, 'W': 0, 'X': 0}",2023-12-14 16:53:00,2023-12-15 12:06:00,On Time
INV-ZZ-3894020,SCH-ZZ-1854929,3181,Boeing 717,MAA,CCU,100,111,100,0,11,10,20,30,40,12,11,-1,1,"{'F': 0, 'P': 1}",23,21,-1,2,"{'C': 2, 'J': 0, 'Z': 0}",34,31,-1,3,48,43,-3,5,"{'Q': 1, 'R': 0, 'S': 2, 'T': 0, 'H': 0, 'M': 0}","{'Y': 3, 'A': 1, 'B': 0, 'D': 0, 'E': 1, 'G': 0, 'I': 0, 'K': 0, 'L': 0, 'N': 0, 'O': 0, 'U': 0, 'V': 0, 'W': 0, 'X': 0}",2023-12-12 20:49:00,2023-12-13 12:30:00,On Time
INV-ZZ-2405976,SCH-ZZ-1854929,3181,Boeing 717,MAA,CCU,100,118,108,8,10,10,20,30,40,12,11,-1,1,"{'F': 0, 'P': 1}",22,20,0,2,"{'C': 2, 'J': 0, 'Z': 0}",34,31,-1,3,44,40,0,4,"{'Q': 0, 'R': 1, 'S': 2, 'T': 0, 'H': 0, 'M': 0}","{'Y': 3, 'A': 1, 'B': 0, 'D': 0, 'E': 0, 'G': 0, 'I': 0, 'K': 0, 'L': 0, 'N': 0, 'O': 0, 'U': 0, 'V': 0, 'W': 0, 'X': 0}",2023-12-09 4:49:00,2023-12-09 6:30:00,On Time
INV-ZZ-5751192,SCH-ZZ-1854929,3181,Boeing 717,MAA,CCU,100,113,106,6,7,10,20,30,40,11,10,0,1,"{'F': 0, 'P': 1}",22,21,-1,1,"{'C': 0, 'J': 0, 'Z': 1}",35,33,-3,2,46,43,-3,3,"{'Q': 1, 'R': 1, 'S': 0, 'T': 0, 'H': 0, 'M': 0}","{'Y': 3, 'A': 0, 'B': 0, 'D': 0, 'E': 0, 'G': 0, 'I': 0, 'K': 0, 'L': 0, 'N': 0, 'O': 0, 'U': 0, 'V': 0, 'W': 0, 'X': 0}",2023-12-15 20:49:00,2023-12-16 12:30:00,On Time
INV-ZZ-9371028,SCH-ZZ-6053731,2560,BAe 146,PAT,BBI,91,100,85,-6,15,9,18,27,36,10,9,0,1,"{'F': 1, 'P': 0}",21,18,0,3,"{'C': 0, 'J': 3, 'Z': 0}",32,27,0,5,43,37,-1,6,"{'Q': 3, 'R': 1, 'S': 0, 'T': 1, 'H': 0, 'M': 0}","{'Y': 5, 'A': 1, 'B': 0, 'D': 0, 'E': 0, 'G': 0, 'I': 0, 'K': 0, 'L': 0, 'N': 0, 'O': 0, 'U': 0, 'V': 0, 'W': 0, 'X': 0}",2023-12-09 4:02:00,2023-12-09 20:34:00,Cancelled
INV-ZZ-5127815,SCH-ZZ-6053731,2560,BAe 146,PAT,BBI,91,104,99,8,5,9,18,27,36,10,9,0,1,"{'F': 0, 'P': 1}",21,20,-2,1,"{'C': 0, 'J': 1, 'Z': 0}",32,30,-3,2,41,39,-3,2,"{'Q': 2, 'R': 0, 'S': 0, 'T': 0, 'H': 0, 'M': 0}","{'Y': 0, 'A': 0, 'B': 0, 'D': 1, 'E': 1, 'G': 0, 'I': 0, 'K': 0, 'L': 0, 'N': 0, 'O': 0, 'U': 0, 'V': 0, 'W': 0, 'X': 0}",2023-12-13 4:02:00,2023-12-13 20:34:00,On Time
INV-ZZ-7884675,SCH-ZZ-6053731,2560,BAe 146,PAT,BBI,91,100,83,-8,17,9,18,27,36,11,9,0,2,"{'F': 1, 'P': 1}",21,17,1,4,"{'C': 1, 'J': 0, 'Z': 3}",31,26,1,5,42,35,1,7,"{'Q': 4, 'R': 0, 'S': 0, 'T': 1, 'H': 0, 'M': 0}","{'Y': 3, 'A': 3, 'B': 0, 'D': 0, 'E': 0, 'G': 1, 'I': 0, 'K': 0, 'L': 0, 'N': 0, 'O': 0, 'U': 0, 'V': 0, 'W': 0, 'X': 0}",2023-12-14 4:02:00,2023-12-14 20:34:00,On Time
INV-ZZ-5524735,SCH-ZZ-3482484,2914,Boeing 787,GOI,COK,270,302,271,1,31,27,54,81,108,31,28,-1,3,"{'F': 2, 'P': 1}",61,55,-1,6,"{'C': 2, 'J': 2, 'Z': 2}",91,82,-1,9,129,116,-8,13,"{'Q': 5, 'R': 1, 'S': 1, 'T': 0, 'H': 0, 'M': 2}","{'Y': 6, 'A': 1, 'B': 3, 'D': 2, 'E': 1, 'G': 0, 'I': 0, 'K': 0, 'L': 0, 'N': 0, 'O': 0, 'U': 0, 'V': 0, 'W': 0, 'X': 0}",2023-12-12 23:47:00,2023-12-13 2:27:00,On Time
INV-ZZ-3907275,SCH-ZZ-3482484,2914,Boeing 787,GOI,COK,270,320,260,-10,60,27,54,81,108,32,26,1,6,"{'F': 1, 'P': 5}",62,50,4,12,"{'C': 0, 'J': 3, 'Z': 9}",96,78,3,18,128,104,4,24,"{'Q': 7, 'R': 11, 'S': 0, 'T': 0, 'H': 0, 'M': 0}","{'Y': 13, 'A': 7, 'B': 3, 'D': 0, 'E': 1, 'G': 0, 'I': 0, 'K': 0, 'L': 0, 'N': 0, 'O': 0, 'U': 0, 'V': 0, 'W': 0, 'X': 0}",2023-12-15 23:47:00,2023-12-16 2:27:00,On Time
INV-ZZ-3079467,SCH-ZZ-3482484,2914,Boeing 787,GOI,COK,270,322,265,-5,57,27,54,81,108,31,25,2,6,"{'F': 1, 'P': 5}",65,53,1,12,"{'C': 3, 'J': 6, 'Z': 3}",96,79,2,17,121,99,9,22,"{'Q': 17, 'R': 0, 'S': 0, 'T': 0, 'H': 0, 'M': 0}","{'Y': 0, 'A': 22, 'B': 0, 'D': 0, 'E': 0, 'G': 0, 'I': 0, 'K': 0, 'L': 0, 'N': 0, 'O': 0, 'U': 0, 'V': 0, 'W': 0, 'X': 0}",2023-12-16 23:47:00,2023-12-17 2:27:00,On Time
INV-ZZ-7379125,SCH-ZZ-3482484,2914,Boeing 787,GOI,COK,270,301,270,0,31,27,54,81,108,30,27,0,3,"{'F': 0, 'P': 3}",63,57,-3,6,"{'C': 0, 'J': 5, 'Z': 1}",92,83,-2,9,119,107,1,12,"{'Q': 8, 'R': 0, 'S': 1, 'T': 0, 'H': 0, 'M': 0}","{'Y': 8, 'A': 4, 'B': 0, 'D': 0, 'E': 0, 'G': 0, 'I': 0, 'K': 0, 'L': 0, 'N': 0, 'O': 0, 'U': 0, 'V': 0, 'W': 0, 'X': 0}",2023-12-17 23:47:00,2023-12-18 2:27:00,On Time
INV-ZZ-9720660,SCH-ZZ-3482484,2914,Boeing 787,GOI,COK,270,307,248,-22,59,27,54,81,108,30,24,3,6,"{'F': 3, 'P': 3}",61,49,5,12,"{'C': 3, 'J': 3, 'Z': 6}",96,78,3,18,130,105,3,25,"{'Q': 9, 'R': 6, 'S': 0, 'T': 1, 'H': 0, 'M': 2}","{'Y': 15, 'A': 7, 'B': 0, 'D': 1, 'E': 0, 'G': 1, 'I': 1, 'K': 0, 'L': 0, 'N': 0, 'O': 0, 'U': 0, 'V': 0, 'W': 0, 'X': 0}",2023-12-19 23:47:00,2023-12-20 2:27:00,On Time
INV-ZZ-1045929,SCH-ZZ-3206199,3869,ATR 72,HYD,CJB,72,85,77,5,8,7,14,21,28,8,7,0,1,"{'F': 0, 'P': 1}",16,15,-1,1,"{'C': 1, 'J': 0, 'Z': 0}",24,22,-1,2,31,28,0,3,"{'Q': 0, 'R': 2, 'S': 0, 'T': 0, 'H': 0, 'M': 0}","{'Y': 2, 'A': 1, 'B': 0, 'D': 0, 'E': 0, 'G': 0, 'I': 0, 'K': 0, 'L': 0, 'N': 0, 'O': 0, 'U': 0, 'V': 0, 'W': 0, 'X': 0}",2023-12-11 10:10:00,2023-12-12 10:06:00,On Time
INV-ZZ-3969928,SCH-ZZ-3206199,3869,ATR 72,HYD,CJB,72,80,69,-3,11,7,14,21,28,8,7,0,1,"{'F': 0, 'P': 1}",16,14,0,2,"{'C': 0, 'J': 2, 'Z': 0}",23,20,1,3,33,29,-1,4,"{'Q': 1, 'R': 1, 'S': 0, 'T': 1, 'H': 0, 'M': 0}","{'Y': 3, 'A': 1, 'B': 0, 'D': 0, 'E': 0, 'G': 0, 'I': 0, 'K': 0, 'L': 0, 'N': 0, 'O': 0, 'U': 0, 'V': 0, 'W': 0, 'X': 0}",2023-12-15 10:10:00,2023-12-16 10:06:00,On Time
INV-ZZ-3336014,SCH-ZZ-3206199,3869,ATR 72,HYD,CJB,72,83,67,-5,16,7,14,21,28,8,6,1,2,"{'F': 0, 'P': 2}",16,13,1,3,"{'C': 2, 'J': 1, 'Z': 0}",23,19,2,4,32,26,2,6,"{'Q': 3, 'R': 1, 'S': 0, 'T': 0, 'H': 0, 'M': 0}","{'Y': 2, 'A': 2, 'B': 1, 'D': 0, 'E': 1, 'G': 0, 'I': 0, 'K': 0, 'L': 0, 'N': 0, 'O': 0, 'U': 0, 'V': 0, 'W': 0, 'X': 0}",2023-12-18 10:10:00,2023-12-19 10:06:00,On Time
INV-ZZ-6258838,SCH-ZZ-3206199,3869,ATR 72,HYD,CJB,72,86,69,-3,17,7,14,21,28,8,6,1,2,"{'F': 0, 'P': 2}",17,14,0,3,"{'C': 0, 'J': 2, 'Z': 1}",25,20,1,5,32,26,2,6,"{'Q': 4, 'R': 1, 'S': 0, 'T': 0, 'H': 0, 'M': 0}","{'Y': 2, 'A': 0, 'B': 3, 'D': 0, 'E': 1, 'G': 0, 'I': 0, 'K': 0, 'L': 0, 'N': 0, 'O': 0, 'U': 0, 'V': 0, 'W': 0, 'X': 0}",2023-12-22 10:10:00,2023-12-23 10:06:00,On Time
INV-ZZ-3482548,SCH-ZZ-7747278,2809,Boeing 757,CJB,CNN,209,248,229,20,19,20,41,62,83,24,22,-2,2,"{'F': 2, 'P': 0}",46,43,-2,3,"{'C': 0, 'J': 2, 'Z': 1}",72,67,-5,5,99,92,-9,7,"{'Q': 5, 'R': 0, 'S': 0, 'T': 0, 'H': 0, 'M': 0}","{'Y': 0, 'A': 7, 'B': 0, 'D': 0, 'E': 0, 'G': 0, 'I': 0, 'K': 0, 'L': 0, 'N': 0, 'O': 0, 'U': 0, 'V': 0, 'W': 0, 'X': 0}",2023-12-06 9:50:00,2023-12-06 14:05:00,On Time
INV-ZZ-5923746,SCH-ZZ-7747278,2809,Boeing 757,CJB,CNN,209,247,218,9,29,20,41,62,83,22,19,1,3,"{'F': 2, 'P': 1}",48,42,-1,6,"{'C': 6, 'J': 0, 'Z': 0}",72,63,-1,9,93,82,1,11,"{'Q': 3, 'R': 5, 'S': 0, 'T': 0, 'H': 1, 'M': 0}","{'Y': 1, 'A': 10, 'B': 0, 'D': 0, 'E': 0, 'G': 0, 'I': 0, 'K': 0, 'L': 0, 'N': 0, 'O': 0, 'U': 0, 'V': 0, 'W': 0, 'X': 0}",2023-12-08 6:47:00,2023-12-08 14:05:00,On Time
INV-ZZ-7397824,SCH-ZZ-7747278,2809,Boeing 757,CJB,CNN,209,241,199,-10,42,20,41,62,83,24,20,0,4,"{'F': 2, 'P': 2}",49,41,0,8,"{'C': 7, 'J': 1, 'Z': 0}",70,58,4,12,98,81,2,17,"{'Q': 2, 'R': 7, 'S': 2, 'T': 1, 'H': 0, 'M': 0}","{'Y': 15, 'A': 1, 'B': 0, 'D': 0, 'E': 1, 'G': 0, 'I': 0, 'K': 0, 'L': 0, 'N': 0, 'O': 0, 'U': 0, 'V': 0, 'W': 0, 'X': 0}",2023-12-09 6:47:00,2023-12-09 14:05:00,On Time
INV-ZZ-1711463,SCH-ZZ-7747278,2809,Boeing 757,CJB,CNN,209,243,199,-10,44,20,41,62,83,24,20,0,4,"{'F': 2, 'P': 2}",49,40,1,9,"{'C': 4, 'J': 4, 'Z': 1}",72,59,3,13,95,78,5,17,"{'Q': 12, 'R': 0, 'S': 1, 'T': 0, 'H': 0, 'M': 0}","{'Y': 15, 'A': 0, 'B': 0, 'D': 2, 'E': 0, 'G': 0, 'I': 0, 'K': 0, 'L': 0, 'N': 0, 'O': 0, 'U': 0, 'V': 0, 'W': 0, 'X': 0}",2023-12-12 6:47:00,2023-12-12 14:05:00,On Time
INV-ZZ-1889482,SCH-ZZ-7747278,2809,Boeing 757,CJB,HYD,209,238,221,12,17,20,41,62,83,23,21,-1,2,"{'F': 1, 'P': 1}",47,44,-3,3,"{'C': 1, 'J': 2, 'Z': 0}",70,65,-3,5,99,92,-9,7,"{'Q': 2, 'R': 0, 'S': 0, 'T': 0, 'H': 2, 'M': 1}","{'Y': 2, 'A': 0, 'B': 3, 'D': 2, 'E': 0, 'G': 0, 'I': 0, 'K': 0, 'L': 0, 'N': 0, 'O': 0, 'U': 0, 'V': 0, 'W': 0, 'X': 0}",2023-12-13 6:47:00,2023-12-13 14:05:00,On Time
INV-ZZ-1943272,SCH-ZZ-7747278,2809,Boeing 757,CJB,HYD,209,238,202,-7,36,20,41,62,83,22,19,1,3,"{'F': 0, 'P': 3}",46,39,2,7,"{'C': 1, 'J': 2, 'Z': 4}",70,59,3,11,96,82,1,14,"{'Q': 0, 'R': 9, 'S': 0, 'T': 2, 'H': 0, 'M': 0}","{'Y': 2, 'A': 8, 'B': 4, 'D': 0, 'E': 0, 'G': 0, 'I': 0, 'K': 0, 'L': 0, 'N': 0, 'O': 0, 'U': 0, 'V': 0, 'W': 0, 'X': 0}",2023-12-15 6:47:00,2023-12-15 14:05:00,On Time
INV-ZZ-3200329,SCH-ZZ-7747278,2809,Boeing 757,CJB,HYD,209,244,199,-10,45,20,41,62,83,22,18,2,4,"{'F': 3, 'P': 1}",47,38,3,9,"{'C': 2, 'J': 7, 'Z': 0}",73,59,3,14,95,77,6,18,"{'Q': 6, 'R': 5, 'S': 2, 'T': 0, 'H': 0, 'M': 1}","{'Y': 1, 'A': 17, 'B': 0, 'D': 0, 'E': 0, 'G': 0, 'I': 0, 'K': 0, 'L': 0, 'N': 0, 'O': 0, 'U': 0, 'V': 0, 'W': 0, 'X': 0}",2023-12-16 6:47:00,2023-12-16 14:05:00,On Time
INV-ZZ-2902972,SCH-ZZ-7747278,2809,Boeing 757,CJB,HYD,209,231,194,-15,37,20,41,62,83,23,19,1,4,"{'F': 0, 'P': 4}",45,38,3,7,"{'C': 3, 'J': 4, 'Z': 0}",70,59,3,11,95,80,3,15,"{'Q': 9, 'R': 2, 'S': 0, 'T': 0, 'H': 0, 'M': 0}","{'Y': 3, 'A': 9, 'B': 2, 'D': 1, 'E': 0, 'G': 0, 'I': 0, 'K': 0, 'L': 0, 'N': 0, 'O': 0, 'U': 0, 'V': 0, 'W': 0, 'X': 0}",2023-12-19 6:47:00,2023-12-19 14:05:00,On Time
INV-ZZ-4844407,SCH-ZZ-7747278,2809,Boeing 757,CJB,HYD,209,245,203,-6,42,20,41,62,83,24,20,0,4,"{'F': 0, 'P': 4}",47,39,2,8,"{'C': 2, 'J': 4, 'Z': 2}",74,61,1,13,96,79,4,17,"{'Q': 2, 'R': 9, 'S': 1, 'T': 1, 'H': 0, 'M': 0}","{'Y': 8, 'A': 4, 'B': 3, 'D': 2, 'E': 0, 'G': 0, 'I': 0, 'K': 0, 'L': 0, 'N': 0, 'O': 0, 'U': 0, 'V': 0, 'W': 0, 'X': 0}",2023-12-20 6:47:00,2023-12-20 14:05:00,On Time
INV-ZZ-9713330,SCH-ZZ-7747278,2809,Boeing 757,CJB,HYD,209,242,217,8,25,20,41,62,83,23,21,-1,2,"{'F': 0, 'P': 2}",47,42,-1,5,"{'C': 1, 'J': 1, 'Z': 3}",74,66,-4,8,99,89,-6,10,"{'Q': 3, 'R': 3, 'S': 1, 'T': 1, 'H': 0, 'M': 0}","{'Y': 0, 'A': 10, 'B': 0, 'D': 0, 'E': 0, 'G': 0, 'I': 0, 'K': 0, 'L': 0, 'N': 0, 'O': 0, 'U': 0, 'V': 0, 'W': 0, 'X': 0}",2023-12-22 6:47:00,2023-12-22 14:05:00,On Time
INV-ZZ-1427356,SCH-ZZ-7747278,2809,Boeing 757,CJB,HYD,209,234,210,1,24,20,41,62,83,22,20,0,2,"{'F': 1, 'P': 1}",48,43,-2,5,"{'C': 2, 'J': 0, 'Z': 3}",69,62,0,7,92,83,0,9,"{'Q': 4, 'R': 1, 'S': 1, 'T': 1, 'H': 0, 'M': 0}","{'Y': 6, 'A': 1, 'B': 1, 'D': 0, 'E': 1, 'G': 0, 'I': 0, 'K': 0, 'L': 0, 'N': 0, 'O': 0, 'U': 0, 'V': 0, 'W': 0, 'X': 0}",2023-12-23 6:47:00,2023-12-23 14:05:00,On Time
INV-ZZ-1314423,SCH-ZZ-1331445,2390,Boeing 757,CNN,HYD,209,241,195,-14,46,20,41,62,83,22,18,2,4,"{'F': 4, 'P': 0}",49,40,1,9,"{'C': 9, 'J': 0, 'Z': 0}",71,58,4,13,98,79,4,19,"{'Q': 13, 'R': 0, 'S': 0, 'T': 0, 'H': 0, 'M': 0}","{'Y': 6, 'A': 0, 'B': 11, 'D': 0, 'E': 2, 'G': 0, 'I': 0, 'K': 0, 'L': 0, 'N': 0, 'O': 0, 'U': 0, 'V': 0, 'W': 0, 'X': 0}",2023-12-06 16:53:00,2023-12-06 18:29:00,On Time
INV-ZZ-7231339,SCH-ZZ-1331445,2390,Boeing 757,CNN,HYD,209,248,225,16,23,20,41,62,83,23,21,-1,2,"{'F': 0, 'P': 2}",46,42,-1,4,"{'C': 0, 'J': 0, 'Z': 4}",70,63,-1,7,98,89,-6,9,"{'Q': 4, 'R': 1, 'S': 1, 'T': 1, 'H': 0, 'M': 0}","{'Y': 3, 'A': 0, 'B': 1, 'D': 4, 'E': 1, 'G': 0, 'I': 0, 'K': 0, 'L': 0, 'N': 0, 'O': 0, 'U': 0, 'V': 0, 'W': 0, 'X': 0}",2023-12-18 4:53:00,2023-12-18 7:29:00,On Time
INV-ZZ-7582344,SCH-ZZ-1331445,2390,Boeing 757,CNN,HYD,209,246,201,-8,45,20,41,62,83,23,19,1,4,"{'F': 3, 'P': 1}",45,37,4,8,"{'C': 5, 'J': 2, 'Z': 1}",68,56,6,12,97,79,4,18,"{'Q': 4, 'R': 0, 'S': 1, 'T': 6, 'H': 1, 'M': 0}","{'Y': 17, 'A': 1, 'B': 0, 'D': 0, 'E': 0, 'G': 0, 'I': 0, 'K': 0, 'L': 0, 'N': 0, 'O': 0, 'U': 0, 'V': 0, 'W': 0, 'X': 0}",2023-12-20 4:53:00,2023-12-20 7:29:00,On Time
INV-ZZ-5067978,SCH-ZZ-1331445,2390,Boeing 757,CNN,HYD,209,240,217,8,23,20,41,62,83,24,22,-2,2,"{'F': 1, 'P': 1}",47,42,-1,5,"{'C': 3, 'J': 2, 'Z': 0}",72,65,-3,7,94,85,-2,9,"{'Q': 0, 'R': 3, 'S': 2, 'T': 1, 'H': 0, 'M': 1}","{'Y': 1, 'A': 0, 'B': 7, 'D': 0, 'E': 0, 'G': 1, 'I': 0, 'K': 0, 'L': 0, 'N': 0, 'O': 0, 'U': 0, 'V': 0, 'W': 0, 'X': 0}",2023-12-21 4:53:00,2023-12-21 7:29:00,On Time
INV-ZZ-2995397,SCH-ZZ-1331445,2390,Boeing 757,CNN,HYD,209,234,214,5,20,20,41,62,83,23,21,-1,2,"{'F': 0, 'P': 2}",46,42,-1,4,"{'C': 1, 'J': 1, 'Z': 2}",74,68,-6,6,91,83,0,8,"{'Q': 2, 'R': 2, 'S': 2, 'T': 0, 'H': 0, 'M': 0}","{'Y': 4, 'A': 0, 'B': 1, 'D': 0, 'E': 2, 'G': 0, 'I': 1, 'K': 0, 'L': 0, 'N': 0, 'O': 0, 'U': 0, 'V': 0, 'W': 0, 'X': 0}",2023-12-22 4:53:00,2023-12-22 7:29:00,On Time
INV-ZZ-9243749,SCH-ZZ-1331445,2390,Boeing 757,CNN,HYD,209,232,190,-19,42,20,41,62,83,23,19,1,4,"{'F': 0, 'P': 4}",48,39,2,9,"{'C': 2, 'J': 2, 'Z': 5}",72,59,3,13,96,78,5,18,"{'Q': 5, 'R': 1, 'S': 7, 'T': 0, 'H': 0, 'M': 0}","{'Y': 17, 'A': 0, 'B': 0, 'D': 0, 'E': 1, 'G': 0, 'I': 0, 'K': 0, 'L': 0, 'N': 0, 'O': 0, 'U': 0, 'V': 0, 'W': 0, 'X': 0}",2023-12-23 4:53:00,2023-12-23 7:29:00,On Time
INV-ZZ-1232037,SCH-ZZ-7048209,4886,Airbus A321 Neo,BOM,PAT,220,250,221,1,29,22,44,66,88,25,22,0,3,"{'F': 2, 'P': 1}",51,45,-1,6,"{'C': 6, 'J': 0, 'Z': 0}",73,64,2,9,100,88,0,12,"{'Q': 4, 'R': 3, 'S': 1, 'T': 1, 'H': 0, 'M': 0}","{'Y': 4, 'A': 7, 'B': 1, 'D': 0, 'E': 0, 'G': 0, 'I': 0, 'K': 0, 'L': 0, 'N': 0, 'O': 0, 'U': 0, 'V': 0, 'W': 0, 'X': 0}",2023-12-09 10:23:00,2023-12-09 20:48:00,Cancelled
INV-ZZ-7980304,SCH-ZZ-7048209,4886,Airbus A321 Neo,BOM,PAT,220,243,224,4,19,22,44,66,88,24,22,0,2,"{'F': 0, 'P': 2}",49,45,-1,4,"{'C': 3, 'J': 0, 'Z': 1}",78,72,-6,6,101,93,-5,8,"{'Q': 2, 'R': 3, 'S': 0, 'T': 1, 'H': 0, 'M': 0}","{'Y': 6, 'A': 2, 'B': 0, 'D': 0, 'E': 0, 'G': 0, 'I': 0, 'K': 0, 'L': 0, 'N': 0, 'O': 0, 'U': 0, 'V': 0, 'W': 0, 'X': 0}",2023-12-10 10:23:00,2023-12-10 20:48:00,On Time
INV-ZZ-3902250,SCH-ZZ-7048209,4886,Airbus A321 Neo,BOM,PAT,220,244,215,-5,29,22,44,66,88,25,22,0,3,"{'F': 1, 'P': 2}",49,43,1,6,"{'C': 4, 'J': 2, 'Z': 0}",74,65,1,9,98,86,2,12,"{'Q': 6, 'R': 0, 'S': 3, 'T': 0, 'H': 0, 'M': 0}","{'Y': 6, 'A': 6, 'B': 0, 'D': 0, 'E': 0, 'G': 0, 'I': 0, 'K': 0, 'L': 0, 'N': 0, 'O': 0, 'U': 0, 'V': 0, 'W': 0, 'X': 0}",2023-12-11 10:23:00,2023-12-11 20:48:00,On Time
INV-ZZ-7626903,SCH-ZZ-7048209,4886,Airbus A321 Neo,BOM,PAT,220,249,203,-17,46,22,44,66,88,26,21,1,5,"{'F': 2, 'P': 3}",52,42,2,10,"{'C': 5, 'J': 2, 'Z': 3}",77,63,3,14,103,84,4,19,"{'Q': 8, 'R': 0, 'S': 5, 'T': 0, 'H': 1, 'M': 0}","{'Y': 12, 'A': 2, 'B': 3, 'D': 2, 'E': 0, 'G': 0, 'I': 0, 'K': 0, 'L': 0, 'N': 0, 'O': 0, 'U': 0, 'V': 0, 'W': 0, 'X': 0}",2023-12-12 10:23:00,2023-12-12 20:48:00,On Time
INV-ZZ-1593033,SCH-ZZ-7048209,4886,Airbus A321 Neo,BOM,PAT,220,252,239,19,13,22,44,66,88,26,25,-3,1,"{'F': 1, 'P': 0}",50,47,-3,3,"{'C': 0, 'J': 1, 'Z': 2}",73,69,-3,4,99,94,-6,5,"{'Q': 1, 'R': 0, 'S': 1, 'T': 2, 'H': 0, 'M': 0}","{'Y': 0, 'A': 1, 'B': 1, 'D': 3, 'E': 0, 'G': 0, 'I': 0, 'K': 0, 'L': 0, 'N': 0, 'O': 0, 'U': 0, 'V': 0, 'W': 0, 'X': 0}",2023-12-13 10:23:00,2023-12-13 20:48:00,On Time
INV-ZZ-6617860,SCH-ZZ-7048209,4886,Airbus A321 Neo,BOM,PAT,220,254,228,8,26,22,44,66,88,24,22,0,2,"{'F': 1, 'P': 1}",52,47,-3,5,"{'C': 3, 'J': 2, 'Z': 0}",76,68,-2,8,103,92,-4,11,"{'Q': 3, 'R': 2, 'S': 2, 'T': 0, 'H': 1, 'M': 0}","{'Y': 1, 'A': 10, 'B': 0, 'D': 0, 'E': 0, 'G': 0, 'I': 0, 'K': 0, 'L': 0, 'N': 0, 'O': 0, 'U': 0, 'V': 0, 'W': 0, 'X': 0}",2023-12-16 10:23:00,2023-12-16 20:48:00,On Time
INV-ZZ-7160729,SCH-ZZ-7048209,4886,Airbus A321 Neo,BOM,PAT,220,254,239,19,15,22,44,66,88,25,24,-2,1,"{'F': 1, 'P': 0}",51,48,-4,3,"{'C': 0, 'J': 0, 'Z': 3}",75,71,-5,4,98,92,-4,6,"{'Q': 0, 'R': 0, 'S': 3, 'T': 0, 'H': 1, 'M': 0}","{'Y': 1, 'A': 3, 'B': 0, 'D': 0, 'E': 2, 'G': 0, 'I': 0, 'K': 0, 'L': 0, 'N': 0, 'O': 0, 'U': 0, 'V': 0, 'W': 0, 'X': 0}",2023-12-17 10:23:00,2023-12-17 20:48:00,On Time
INV-ZZ-5504437,SCH-ZZ-2592431,4429,Airbus A321-200,JAI,CJB,200,224,210,10,14,20,40,60,80,22,21,-1,1,"{'F': 1, 'P': 0}",44,41,-1,3,"{'C': 2, 'J': 1, 'Z': 0}",67,63,-3,4,89,83,-3,6,"{'Q': 4, 'R': 0, 'S': 0, 'T': 0, 'H': 0, 'M': 0}","{'Y': 4, 'A': 2, 'B': 0, 'D': 0, 'E': 0, 'G': 0, 'I': 0, 'K': 0, 'L': 0, 'N': 0, 'O': 0, 'U': 0, 'V': 0, 'W': 0, 'X': 0}",2023-12-09 16:53:00,2023-12-09 21:53:00,Cancelled
INV-ZZ-7954078,SCH-ZZ-2592431,4429,Airbus A321-200,JAI,CJB,200,234,204,4,30,20,40,60,80,24,21,-1,3,"{'F': 1, 'P': 2}",44,38,2,6,"{'C': 0, 'J': 0, 'Z': 6}",67,58,2,9,88,77,3,11,"{'Q': 7, 'R': 0, 'S': 2, 'T': 0, 'H': 0, 'M': 0}","{'Y': 3, 'A': 7, 'B': 1, 'D': 0, 'E': 0, 'G': 0, 'I': 0, 'K': 0, 'L': 0, 'N': 0, 'O': 0, 'U': 0, 'V': 0, 'W': 0, 'X': 0}",2023-12-12 16:53:00,2023-12-12 21:53:00,On Time
INV-ZZ-7926715,SCH-ZZ-2592431,4429,Airbus A321-200,JAI,CJB,200,239,219,19,20,20,40,60,80,23,21,-1,2,"{'F': 0, 'P': 2}",46,42,-2,4,"{'C': 4, 'J': 0, 'Z': 0}",71,65,-5,6,93,85,-5,8,"{'Q': 4, 'R': 1, 'S': 1, 'T': 0, 'H': 0, 'M': 0}","{'Y': 0, 'A': 6, 'B': 2, 'D': 0, 'E': 0, 'G': 0, 'I': 0, 'K': 0, 'L': 0, 'N': 0, 'O': 0, 'U': 0, 'V': 0, 'W': 0, 'X': 0}",2023-12-14 16:53:00,2023-12-14 21:53:00,On Time
INV-ZZ-9092105,SCH-ZZ-4609150,3171,ATR 72,IDR,COK,72,83,79,7,4,7,14,21,28,8,8,-1,0,"{'F': 0, 'P': 0}",17,16,-2,1,"{'C': 0, 'J': 0, 'Z': 1}",23,22,-1,1,32,30,-2,2,"{'Q': 0, 'R': 0, 'S': 0, 'T': 1, 'H': 0, 'M': 0}","{'Y': 1, 'A': 0, 'B': 1, 'D': 0, 'E': 0, 'G': 0, 'I': 0, 'K': 0, 'L': 0, 'N': 0, 'O': 0, 'U': 0, 'V': 0, 'W': 0, 'X': 0}",2023-12-12 10:45:00,2023-12-12 18:58:00,On Time
INV-ZZ-4066232,SCH-ZZ-4609150,3171,ATR 72,IDR,COK,72,79,69,-3,10,7,14,21,28,8,7,0,1,"{'F': 1, 'P': 0}",17,15,-1,2,"{'C': 2, 'J': 0, 'Z': 0}",25,22,-1,3,33,29,-1,4,"{'Q': 3, 'R': 0, 'S': 0, 'T': 0, 'H': 0, 'M': 0}","{'Y': 3, 'A': 1, 'B': 0, 'D': 0, 'E': 0, 'G': 0, 'I': 0, 'K': 0, 'L': 0, 'N': 0, 'O': 0, 'U': 0, 'V': 0, 'W': 0, 'X': 0}",2023-12-06 20:45:00,2023-12-07 2:58:00,On Time
INV-ZZ-1948844,SCH-ZZ-4609150,3171,ATR 72,IDR,COK,72,81,67,-5,14,7,14,21,28,8,7,0,1,"{'F': 0, 'P': 1}",16,13,1,3,"{'C': 1, 'J': 0, 'Z': 2}",23,19,2,4,33,27,1,6,"{'Q': 4, 'R': 0, 'S': 0, 'T': 0, 'H': 0, 'M': 0}","{'Y': 3, 'A': 1, 'B': 1, 'D': 1, 'E': 0, 'G': 0, 'I': 0, 'K': 0, 'L': 0, 'N': 0, 'O': 0, 'U': 0, 'V': 0, 'W': 0, 'X': 0}",2023-12-19 10:45:00,2023-12-19 18:58:00,On Time
INV-ZZ-4117020,SCH-ZZ-7453592,2702,Airbus A320 Neo,CJB,PNQ,180,208,174,-6,34,18,36,54,72,21,18,0,3,"{'F': 0, 'P': 3}",42,35,1,7,"{'C': 5, 'J': 2, 'Z': 0}",61,51,3,10,85,71,1,14,"{'Q': 5, 'R': 3, 'S': 1, 'T': 0, 'H': 1, 'M': 0}","{'Y': 14, 'A': 0, 'B': 0, 'D': 0, 'E': 0, 'G': 0, 'I': 0, 'K': 0, 'L': 0, 'N': 0, 'O': 0, 'U': 0, 'V': 0, 'W': 0, 'X': 0}",2023-12-20 23:30:00,2023-12-21 21:28:00,On Time
INV-ZZ-1286842,SCH-ZZ-7255314,2047,Airbus A320-200,IDR,COK,150,165,133,-17,32,15,30,45,60,18,15,0,3,"{'F': 2, 'P': 1}",36,29,1,7,"{'C': 4, 'J': 0, 'Z': 3}",52,42,3,10,71,57,3,14,"{'Q': 2, 'R': 8, 'S': 0, 'T': 0, 'H': 0, 'M': 0}","{'Y': 12, 'A': 0, 'B': 2, 'D': 0, 'E': 0, 'G': 0, 'I': 0, 'K': 0, 'L': 0, 'N': 0, 'O': 0, 'U': 0, 'V': 0, 'W': 0, 'X': 0}",2023-12-17 5:27:00,2023-12-17 21:31:00,On Time
INV-ZZ-7483019,SCH-ZZ-7255314,2047,Airbus A320-200,IDR,COK,150,170,140,-10,30,15,30,45,60,18,15,0,3,"{'F': 0, 'P': 3}",34,28,2,6,"{'C': 2, 'J': 0, 'Z': 4}",50,41,4,9,70,58,2,12,"{'Q': 5, 'R': 4, 'S': 0, 'T': 0, 'H': 0, 'M': 0}","{'Y': 8, 'A': 1, 'B': 1, 'D': 2, 'E': 0, 'G': 0, 'I': 0, 'K': 0, 'L': 0, 'N': 0, 'O': 0, 'U': 0, 'V': 0, 'W': 0, 'X': 0}",2023-12-20 5:27:00,2023-12-20 21:31:00,On Time
INV-ZZ-8900714,SCH-ZZ-7255314,2047,Airbus A320-200,IDR,COK,150,165,151,1,14,15,30,45,60,18,16,-1,2,"{'F': 0, 'P': 2}",34,31,-1,3,"{'C': 3, 'J': 0, 'Z': 0}",51,47,-2,4,67,61,-1,6,"{'Q': 2, 'R': 0, 'S': 0, 'T': 2, 'H': 0, 'M': 0}","{'Y': 1, 'A': 4, 'B': 1, 'D': 0, 'E': 0, 'G': 0, 'I': 0, 'K': 0, 'L': 0, 'N': 0, 'O': 0, 'U': 0, 'V': 0, 'W': 0, 'X': 0}",2023-12-21 5:27:00,2023-12-21 21:31:00,On Time
INV-ZZ-6210656,SCH-ZZ-6699044,4913,Boeing 757,MAA,IDR,209,231,205,-4,26,20,41,62,83,24,21,-1,3,"{'F': 0, 'P': 3}",49,43,-2,6,"{'C': 2, 'J': 2, 'Z': 2}",72,64,-2,8,99,88,-5,11,"{'Q': 2, 'R': 1, 'S': 3, 'T': 0, 'H': 0, 'M': 2}","{'Y': 5, 'A': 4, 'B': 1, 'D': 1, 'E': 0, 'G': 0, 'I': 0, 'K': 0, 'L': 0, 'N': 0, 'O': 0, 'U': 0, 'V': 0, 'W': 0, 'X': 0}",2023-12-11 20:41:00,2023-12-12 16:18:00,On Time
INV-ZZ-2887660,SCH-ZZ-6699044,4913,Boeing 757,MAA,IDR,209,238,223,14,15,20,41,62,83,22,21,-1,1,"{'F': 1, 'P': 0}",48,45,-4,3,"{'C': 1, 'J': 2, 'Z': 0}",73,68,-6,5,96,90,-7,6,"{'Q': 0, 'R': 4, 'S': 0, 'T': 0, 'H': 1, 'M': 0}","{'Y': 1, 'A': 0, 'B': 1, 'D': 4, 'E': 0, 'G': 0, 'I': 0, 'K': 0, 'L': 0, 'N': 0, 'O': 0, 'U': 0, 'V': 0, 'W': 0, 'X': 0}",2023-12-13 20:41:00,2023-12-14 16:18:00,On Time
INV-ZZ-3135453,SCH-ZZ-2529141,3688,Boeing 777,PAT,HYD,425,476,400,-25,76,42,85,127,170,49,41,1,8,"{'F': 6, 'P': 2}",94,79,6,15,"{'C': 10, 'J': 1, 'Z': 4}",145,122,5,23,201,169,1,32,"{'Q': 15, 'R': 5, 'S': 2, 'T': 1, 'H': 0, 'M': 0}","{'Y': 12, 'A': 14, 'B': 5, 'D': 1, 'E': 0, 'G': 0, 'I': 0, 'K': 0, 'L': 0, 'N': 0, 'O': 0, 'U': 0, 'V': 0, 'W': 0, 'X': 0}",2023-12-10 6:25:00,2023-12-10 21:34:00,On Time
INV-ZZ-1436051,SCH-ZZ-2529141,3688,Boeing 777,PAT,HYD,425,471,406,-19,65,42,85,127,170,49,42,0,7,"{'F': 6, 'P': 1}",99,85,0,14,"{'C': 3, 'J': 6, 'Z': 5}",140,121,6,19,188,162,8,26,"{'Q': 5, 'R': 13, 'S': 1, 'T': 0, 'H': 0, 'M': 0}","{'Y': 18, 'A': 8, 'B': 0, 'D': 0, 'E': 0, 'G': 0, 'I': 0, 'K': 0, 'L': 0, 'N': 0, 'O': 0, 'U': 0, 'V': 0, 'W': 0, 'X': 0}",2023-12-11 6:25:00,2023-12-11 21:34:00,On Time
INV-ZZ-6656449,SCH-ZZ-2529141,3688,Boeing 777,PAT,HYD,425,486,456,31,30,42,85,127,170,47,44,-2,3,"{'F': 1, 'P': 2}",95,89,-4,6,"{'C': 0, 'J': 2, 'Z': 4}",147,138,-11,9,198,186,-16,12,"{'Q': 6, 'R': 0, 'S': 2, 'T': 1, 'H': 0, 'M': 0}","{'Y': 10, 'A': 2, 'B': 0, 'D': 0, 'E': 0, 'G': 0, 'I': 0, 'K': 0, 'L': 0, 'N': 0, 'O': 0, 'U': 0, 'V': 0, 'W': 0, 'X': 0}",2023-12-12 6:25:00,2023-12-12 21:34:00,On Time
INV-ZZ-9095558,SCH-ZZ-2529141,3688,Boeing 777,PAT,HYD,425,489,439,14,50,42,85,127,170,47,42,0,5,"{'F': 5, 'P': 0}",99,89,-4,10,"{'C': 0, 'J': 4, 'Z': 6}",151,135,-8,16,193,173,-3,20,"{'Q': 2, 'R': 4, 'S': 2, 'T': 5, 'H': 3, 'M': 0}","{'Y': 13, 'A': 5, 'B': 2, 'D': 0, 'E': 0, 'G': 0, 'I': 0, 'K': 0, 'L': 0, 'N': 0, 'O': 0, 'U': 0, 'V': 0, 'W': 0, 'X': 0}",2023-12-13 6:25:00,2023-12-13 21:34:00,On Time
INV-ZZ-3635594,SCH-ZZ-2529141,3688,Boeing 777,PAT,HYD,425,469,435,10,34,42,85,127,170,48,45,-3,3,"{'F': 1, 'P': 2}",95,88,-3,7,"{'C': 4, 'J': 2, 'Z': 1}",145,134,-7,11,193,179,-9,14,"{'Q': 9, 'R': 0, 'S': 0, 'T': 2, 'H': 0, 'M': 0}","{'Y': 1, 'A': 8, 'B': 0, 'D': 5, 'E': 0, 'G': 0, 'I': 0, 'K': 0, 'L': 0, 'N': 0, 'O': 0, 'U': 0, 'V': 0, 'W': 0, 'X': 0}",2023-12-14 6:25:00,2023-12-14 21:34:00,On Time
INV-ZZ-1736100,SCH-ZZ-2529141,3688,Boeing 777,PAT,HYD,425,508,466,41,42,42,85,127,170,47,43,-1,4,"{'F': 1, 'P': 3}",97,89,-4,8,"{'C': 6, 'J': 0, 'Z': 2}",144,132,-5,12,199,182,-12,17,"{'Q': 5, 'R': 2, 'S': 5, 'T': 0, 'H': 0, 'M': 0}","{'Y': 17, 'A': 0, 'B': 0, 'D': 0, 'E': 0, 'G': 0, 'I': 0, 'K': 0, 'L': 0, 'N': 0, 'O': 0, 'U': 0, 'V': 0, 'W': 0, 'X': 0}",2023-12-17 6:25:00,2023-12-17 21:34:00,On Time
INV-ZZ-7117912,SCH-ZZ-1016322,2502,Boeing 777-300,GAU,HYD,360,398,368,8,30,36,72,108,144,42,39,-3,3,"{'F': 3, 'P': 0}",80,74,-2,6,"{'C': 6, 'J': 0, 'Z': 0}",127,118,-10,9,160,148,-4,12,"{'Q': 1, 'R': 3, 'S': 1, 'T': 1, 'H': 2, 'M': 1}","{'Y': 6, 'A': 2, 'B': 0, 'D': 4, 'E': 0, 'G': 0, 'I': 0, 'K': 0, 'L': 0, 'N': 0, 'O': 0, 'U': 0, 'V': 0, 'W': 0, 'X': 0}",2023-12-09 13:27:00,2023-12-10 10:37:00,On Time
INV-ZZ-5826868,SCH-ZZ-1016322,2502,Boeing 777-300,GAU,HYD,360,421,367,7,54,36,72,108,144,43,38,-2,5,"{'F': 0, 'P': 5}",85,74,-2,11,"{'C': 10, 'J': 1, 'Z': 0}",120,105,3,15,169,147,-3,22,"{'Q': 12, 'R': 0, 'S': 1, 'T': 2, 'H': 0, 'M': 0}","{'Y': 21, 'A': 0, 'B': 0, 'D': 0, 'E': 1, 'G': 0, 'I': 0, 'K': 0, 'L': 0, 'N': 0, 'O': 0, 'U': 0, 'V': 0, 'W': 0, 'X': 0}",2023-12-12 13:27:00,2023-12-13 10:37:00,On Time
INV-ZZ-2236307,SCH-ZZ-1016322,2502,Boeing 777-300,GAU,HYD,360,416,370,10,46,36,72,108,144,41,36,0,5,"{'F': 2, 'P': 3}",84,75,-3,9,"{'C': 5, 'J': 0, 'Z': 4}",121,107,1,14,162,144,0,18,"{'Q': 4, 'R': 2, 'S': 3, 'T': 1, 'H': 4, 'M': 0}","{'Y': 14, 'A': 1, 'B': 2, 'D': 1, 'E': 0, 'G': 0, 'I': 0, 'K': 0, 'L': 0, 'N': 0, 'O': 0, 'U': 0, 'V': 0, 'W': 0, 'X': 0}",2023-12-13 13:27:00,2023-12-14 10:37:00,On Time
INV-ZZ-7240350,SCH-ZZ-1016322,2502,Boeing 777-300,GAU,HYD,360,399,346,-14,53,36,72,108,144,41,36,0,5,"{'F': 5, 'P': 0}",86,75,-3,11,"{'C': 2, 'J': 2, 'Z': 7}",119,103,5,16,168,146,-2,22,"{'Q': 0, 'R': 6, 'S': 10, 'T': 0, 'H': 0, 'M': 0}","{'Y': 20, 'A': 0, 'B': 1, 'D': 1, 'E': 0, 'G': 0, 'I': 0, 'K': 0, 'L': 0, 'N': 0, 'O': 0, 'U': 0, 'V': 0, 'W': 0, 'X': 0}",2023-12-16 13:27:00,2023-12-17 10:37:00,On Time
INV-ZZ-6939211,SCH-ZZ-1016322,2502,Boeing 777-300,GAU,HYD,360,396,369,9,27,36,72,108,144,41,38,-2,3,"{'F': 1, 'P': 2}",83,77,-5,6,"{'C': 0, 'J': 0, 'Z': 6}",129,120,-12,9,159,148,-4,11,"{'Q': 3, 'R': 1, 'S': 5, 'T': 0, 'H': 0, 'M': 0}","{'Y': 8, 'A': 1, 'B': 0, 'D': 0, 'E': 0, 'G': 1, 'I': 0, 'K': 0, 'L': 1, 'N': 0, 'O': 0, 'U': 0, 'V': 0, 'W': 0, 'X': 0}",2023-12-19 13:27:00,2023-12-20 10:37:00,On Time
INV-ZZ-2618940,SCH-ZZ-1016322,2502,Boeing 777-300,GAU,HYD,360,417,353,-7,64,36,72,108,144,43,36,0,7,"{'F': 1, 'P': 6}",85,72,0,13,"{'C': 7, 'J': 0, 'Z': 6}",124,105,3,19,168,142,2,26,"{'Q': 13, 'R': 4, 'S': 2, 'T': 0, 'H': 0, 'M': 0}","{'Y': 16, 'A': 10, 'B': 0, 'D': 0, 'E': 0, 'G': 0, 'I': 0, 'K': 0, 'L': 0, 'N': 0, 'O': 0, 'U': 0, 'V': 0, 'W': 0, 'X': 0}",2023-12-20 13:27:00,2023-12-21 10:37:00,On Time
INV-ZZ-5104648,SCH-ZZ-5237867,4516,Airbus A320-200,COK,CCU,150,171,147,-3,24,15,30,45,60,18,15,0,3,"{'F': 0, 'P': 3}",33,28,2,5,"{'C': 5, 'J': 0, 'Z': 0}",51,44,1,7,72,62,-2,10,"{'Q': 1, 'R': 6, 'S': 0, 'T': 0, 'H': 0, 'M': 0}","{'Y': 3, 'A': 1, 'B': 0, 'D': 2, 'E': 3, 'G': 0, 'I': 1, 'K': 0, 'L': 0, 'N': 0, 'O': 0, 'U': 0, 'V': 0, 'W': 0, 'X': 0}",2023-12-11 0:01:00,2023-12-11 22:08:00,On Time
INV-ZZ-7489431,SCH-ZZ-5237867,4516,Airbus A320-200,COK,CCU,150,172,163,13,9,15,30,45,60,17,16,-1,1,"{'F': 0, 'P': 1}",35,33,-3,2,"{'C': 2, 'J': 0, 'Z': 0}",53,50,-5,3,71,67,-7,4,"{'Q': 1, 'R': 0, 'S': 2, 'T': 0, 'H': 0, 'M': 0}","{'Y': 2, 'A': 2, 'B': 0, 'D': 0, 'E': 0, 'G': 0, 'I': 0, 'K': 0, 'L': 0, 'N': 0, 'O': 0, 'U': 0, 'V': 0, 'W': 0, 'X': 0}",2023-12-12 0:01:00,2023-12-12 22:08:00,On Time
INV-ZZ-3812565,SCH-ZZ-5237867,4516,Airbus A320-200,COK,CCU,150,166,155,5,11,15,30,45,60,17,16,-1,1,"{'F': 1, 'P': 0}",34,32,-2,2,"{'C': 0, 'J': 2, 'Z': 0}",51,48,-3,3,70,65,-5,5,"{'Q': 0, 'R': 3, 'S': 0, 'T': 0, 'H': 0, 'M': 0}","{'Y': 0, 'A': 5, 'B': 0, 'D': 0, 'E': 0, 'G': 0, 'I': 0, 'K': 0, 'L': 0, 'N': 0, 'O': 0, 'U': 0, 'V': 0, 'W': 0, 'X': 0}",2023-12-14 0:01:00,2023-12-14 22:08:00,On Time
INV-ZZ-7314698,SCH-ZZ-5237867,4516,Airbus A320-200,COK,CCU,150,169,137,-13,32,15,30,45,60,18,15,0,3,"{'F': 1, 'P': 2}",33,27,3,6,"{'C': 3, 'J': 0, 'Z': 3}",54,44,1,10,71,58,2,13,"{'Q': 8, 'R': 0, 'S': 1, 'T': 0, 'H': 0, 'M': 1}","{'Y': 7, 'A': 0, 'B': 4, 'D': 1, 'E': 1, 'G': 0, 'I': 0, 'K': 0, 'L': 0, 'N': 0, 'O': 0, 'U': 0, 'V': 0, 'W': 0, 'X': 0}",2023-12-16 0:01:00,2023-12-16 22:08:00,On Time
INV-ZZ-7044569,SCH-ZZ-5237867,4516,Airbus A320-200,COK,CCU,150,179,144,-6,35,15,30,45,60,17,14,1,3,"{'F': 1, 'P': 2}",36,29,1,7,"{'C': 7, 'J': 0, 'Z': 0}",51,41,4,10,71,57,3,14,"{'Q': 1, 'R': 5, 'S': 1, 'T': 3, 'H': 0, 'M': 0}","{'Y': 0, 'A': 3, 'B': 7, 'D': 4, 'E': 0, 'G': 0, 'I': 0, 'K': 0, 'L': 0, 'N': 0, 'O': 0, 'U': 0, 'V': 0, 'W': 0, 'X': 0}",2023-12-18 0:01:00,2023-12-18 22:08:00,On Time
INV-ZZ-5054774,SCH-ZZ-5237867,4516,Airbus A320-200,COK,CCU,150,179,153,3,26,15,30,45,60,17,14,1,3,"{'F': 3, 'P': 0}",34,29,1,5,"{'C': 1, 'J': 4, 'Z': 0}",51,43,2,8,67,57,3,10,"{'Q': 8, 'R': 0, 'S': 0, 'T': 0, 'H': 0, 'M': 0}","{'Y': 6, 'A': 2, 'B': 1, 'D': 1, 'E': 0, 'G': 0, 'I': 0, 'K': 0, 'L': 0, 'N': 0, 'O': 0, 'U': 0, 'V': 0, 'W': 0, 'X': 0}",2023-12-19 0:01:00,2023-12-19 22:08:00,On Time
INV-ZZ-1360498,SCH-ZZ-5237867,4516,Airbus A320-200,COK,CCU,150,168,135,-15,33,15,30,45,60,18,15,0,3,"{'F': 3, 'P': 0}",35,28,2,7,"{'C': 7, 'J': 0, 'Z': 0}",50,40,5,10,68,55,5,13,"{'Q': 3, 'R': 6, 'S': 1, 'T': 0, 'H': 0, 'M': 0}","{'Y': 5, 'A': 6, 'B': 0, 'D': 2, 'E': 0, 'G': 0, 'I': 0, 'K': 0, 'L': 0, 'N': 0, 'O': 0, 'U': 0, 'V': 0, 'W': 0, 'X': 0}",2023-12-21 0:01:00,2023-12-21 22:08:00,On Time
INV-ZZ-9025997,SCH-ZZ-5237867,4516,Airbus A320-200,COK,CCU,150,169,142,-8,27,15,30,45,60,17,14,1,3,"{'F': 2, 'P': 1}",34,29,1,5,"{'C': 2, 'J': 2, 'Z': 1}",53,45,0,8,71,60,0,11,"{'Q': 6, 'R': 0, 'S': 1, 'T': 1, 'H': 0, 'M': 0}","{'Y': 1, 'A': 7, 'B': 1, 'D': 0, 'E': 0, 'G': 2, 'I': 0, 'K': 0, 'L': 0, 'N': 0, 'O': 0, 'U': 0, 'V': 0, 'W': 0, 'X': 0}",2023-12-23 0:01:00,2023-12-23 22:08:00,On Time
INV-ZZ-2602588,SCH-ZZ-5237867,4516,Airbus A320-200,COK,CCU,150,167,135,-15,32,15,30,45,60,17,14,1,3,"{'F': 0, 'P': 3}",36,29,1,7,"{'C': 5, 'J': 0, 'Z': 2}",51,41,4,10,72,58,2,14,"{'Q': 10, 'R': 0, 'S': 0, 'T': 0, 'H': 0, 'M': 0}","{'Y': 1, 'A': 11, 'B': 1, 'D': 0, 'E': 1, 'G': 0, 'I': 0, 'K': 0, 'L': 0, 'N': 0, 'O': 0, 'U': 0, 'V': 0, 'W': 0, 'X': 0}",2023-12-25 0:01:00,2023-12-25 22:08:00,On Time
INV-ZZ-6049493,SCH-ZZ-5237867,4516,Airbus A320-200,COK,CCU,150,167,152,2,14,15,30,45,60,18,16,-1,2,"{'F': 0, 'P': 2}",35,32,-2,3,"{'C': 1, 'J': 0, 'Z': 2}",50,46,-1,4,69,63,-3,6,"{'Q': 4, 'R': 0, 'S': 0, 'T': 0, 'H': 0, 'M': 0}","{'Y': 3, 'A': 1, 'B': 2, 'D': 0, 'E': 0, 'G': 0, 'I': 0, 'K': 0, 'L': 0, 'N': 0, 'O': 0, 'U': 0, 'V': 0, 'W': 0, 'X': 0}",2023-12-26 0:01:00,2023-12-26 22:08:00,On Time
INV-ZZ-3590805,SCH-ZZ-5949538,2809,Airbus A321 Neo,CJB,HYD,220,256,214,-6,42,22,44,66,88,26,22,0,4,"{'F': 4, 'P': 0}",49,41,3,8,"{'C': 6, 'J': 2, 'Z': 0}",77,64,2,13,103,86,2,17,"{'Q': 2, 'R': 3, 'S': 3, 'T': 0, 'H': 5, 'M': 0}","{'Y': 8, 'A': 8, 'B': 1, 'D': 0, 'E': 0, 'G': 0, 'I': 0, 'K': 0, 'L': 0, 'N': 0, 'O': 0, 'U': 0, 'V': 0, 'W': 0, 'X': 0}",2023-12-06 6:47:00,2023-12-06 14:05:00,Cancelled
INV-ZZ-3295694,SCH-ZZ-5949538,2809,Airbus A321 Neo,CJB,HYD,220,263,239,19,24,22,44,66,88,26,24,-2,2,"{'F': 2, 'P': 0}",51,46,-2,5,"{'C': 4, 'J': 1, 'Z': 0}",75,68,-2,7,101,92,-4,9,"{'Q': 7, 'R': 0, 'S': 0, 'T': 0, 'H': 0, 'M': 0}","{'Y': 7, 'A': 1, 'B': 0, 'D': 1, 'E': 0, 'G': 0, 'I': 0, 'K': 0, 'L': 0, 'N': 0, 'O': 0, 'U': 0, 'V': 0, 'W': 0, 'X': 0}",2023-12-08 6:47:00,2023-12-08 14:05:00,On Time
INV-ZZ-3403536,SCH-ZZ-5949538,2809,Airbus A321 Neo,CJB,HYD,220,257,238,18,19,22,44,66,88,24,22,0,2,"{'F': 2, 'P': 0}",51,47,-3,4,"{'C': 2, 'J': 0, 'Z': 2}",77,71,-5,6,101,94,-6,7,"{'Q': 6, 'R': 0, 'S': 0, 'T': 0, 'H': 0, 'M': 0}","{'Y': 0, 'A': 6, 'B': 0, 'D': 0, 'E': 0, 'G': 0, 'I': 0, 'K': 1, 'L': 0, 'N': 0, 'O': 0, 'U': 0, 'V': 0, 'W': 0, 'X': 0}",2023-12-10 6:47:00,2023-12-10 14:05:00,On Time
INV-ZZ-8583992,SCH-ZZ-5949538,2809,Airbus A321 Neo,CJB,HYD,220,256,243,23,13,22,44,66,88,25,24,-2,1,"{'F': 0, 'P': 1}",50,47,-3,3,"{'C': 3, 'J': 0, 'Z': 0}",77,73,-7,4,100,95,-7,5,"{'Q': 3, 'R': 0, 'S': 0, 'T': 0, 'H': 1, 'M': 0}","{'Y': 4, 'A': 1, 'B': 0, 'D': 0, 'E': 0, 'G': 0, 'I': 0, 'K': 0, 'L': 0, 'N': 0, 'O': 0, 'U': 0, 'V': 0, 'W': 0, 'X': 0}",2023-12-11 6:47:00,2023-12-11 14:05:00,On Time
INV-ZZ-1956044,SCH-ZZ-5949538,2809,Airbus A321 Neo,CJB,HYD,220,247,236,16,11,22,44,66,88,26,25,-3,1,"{'F': 1, 'P': 0}",52,50,-6,2,"{'C': 1, 'J': 0, 'Z': 1}",77,73,-7,4,100,95,-7,5,"{'Q': 1, 'R': 0, 'S': 1, 'T': 1, 'H': 0, 'M': 1}","{'Y': 5, 'A': 0, 'B': 0, 'D': 0, 'E': 0, 'G': 0, 'I': 0, 'K': 0, 'L': 0, 'N': 0, 'O': 0, 'U': 0, 'V': 0, 'W': 0, 'X': 0}",2023-12-13 6:47:00,2023-12-13 14:05:00,On Time
INV-ZZ-1424502,SCH-ZZ-5949538,2809,Airbus A321 Neo,CJB,HYD,220,249,226,6,23,22,44,66,88,25,23,-1,2,"{'F': 0, 'P': 2}",52,47,-3,5,"{'C': 3, 'J': 2, 'Z': 0}",74,67,-1,7,102,92,-4,10,"{'Q': 1, 'R': 5, 'S': 1, 'T': 0, 'H': 0, 'M': 0}","{'Y': 9, 'A': 0, 'B': 1, 'D': 0, 'E': 0, 'G': 0, 'I': 0, 'K': 0, 'L': 0, 'N': 0, 'O': 0, 'U': 0, 'V': 0, 'W': 0, 'X': 0}",2023-12-15 6:47:00,2023-12-15 14:05:00,On Time
INV-ZZ-8643109,SCH-ZZ-5949538,2809,Airbus A321 Neo,CJB,HYD,220,255,226,6,29,22,44,66,88,26,23,-1,3,"{'F': 1, 'P': 2}",51,45,-1,6,"{'C': 3, 'J': 3, 'Z': 0}",74,66,0,8,100,89,-1,11,"{'Q': 2, 'R': 0, 'S': 5, 'T': 0, 'H': 0, 'M': 1}","{'Y': 2, 'A': 3, 'B': 5, 'D': 1, 'E': 0, 'G': 0, 'I': 0, 'K': 0, 'L': 0, 'N': 0, 'O': 0, 'U': 0, 'V': 0, 'W': 0, 'X': 0}",2023-12-17 6:47:00,2023-12-17 14:05:00,On Time
INV-ZZ-1185101,SCH-ZZ-9164842,2016,Boeing 777,BOM,LKO,425,496,439,14,57,42,85,127,170,47,42,0,5,"{'F': 0, 'P': 5}",100,88,-3,12,"{'C': 6, 'J': 5, 'Z': 1}",151,134,-7,17,197,174,-4,23,"{'Q': 0, 'R': 15, 'S': 1, 'T': 0, 'H': 0, 'M': 1}","{'Y': 17, 'A': 2, 'B': 0, 'D': 3, 'E': 0, 'G': 1, 'I': 0, 'K': 0, 'L': 0, 'N': 0, 'O': 0, 'U': 0, 'V': 0, 'W': 0, 'X': 0}",2023-12-16 2:13:00,2023-12-16 9:41:00,On Time
INV-ZZ-5932937,SCH-ZZ-9164842,2016,Boeing 777,BBI,LKO,425,496,403,-22,93,42,85,127,170,47,38,4,9,"{'F': 7, 'P': 2}",94,76,9,18,"{'C': 8, 'J': 0, 'Z': 10}",143,116,11,27,189,154,16,35,"{'Q': 8, 'R': 0, 'S': 17, 'T': 2, 'H': 0, 'M': 0}","{'Y': 16, 'A': 6, 'B': 3, 'D': 9, 'E': 1, 'G': 0, 'I': 0, 'K': 0, 'L': 0, 'N': 0, 'O': 0, 'U': 0, 'V': 0, 'W': 0, 'X': 0}",2023-12-20 11:13:00,2023-12-20 11:41:00,On Time
INV-ZZ-6167183,SCH-ZZ-4460278,3027,Boeing 767,AMD,JAI,278,331,270,-8,61,27,55,83,111,31,25,2,6,"{'F': 3, 'P': 3}",63,51,4,12,"{'C': 6, 'J': 4, 'Z': 2}",96,78,5,18,123,100,11,23,"{'Q': 16, 'R': 0, 'S': 2, 'T': 0, 'H': 0, 'M': 0}","{'Y': 7, 'A': 7, 'B': 8, 'D': 0, 'E': 0, 'G': 0, 'I': 1, 'K': 0, 'L': 0, 'N': 0, 'O': 0, 'U': 0, 'V': 0, 'W': 0, 'X': 0}",2023-12-21 14:32:00,2023-12-22 4:56:00,On Time
INV-ZZ-4009158,SCH-ZZ-4460278,3027,Boeing 767,AMD,JAI,278,308,252,-26,56,27,55,83,111,31,25,2,6,"{'F': 4, 'P': 2}",65,53,2,12,"{'C': 10, 'J': 1, 'Z': 1}",98,80,3,18,125,102,9,23,"{'Q': 0, 'R': 0, 'S': 5, 'T': 4, 'H': 6, 'M': 3}","{'Y': 20, 'A': 1, 'B': 2, 'D': 0, 'E': 0, 'G': 0, 'I': 0, 'K': 0, 'L': 0, 'N': 0, 'O': 0, 'U': 0, 'V': 0, 'W': 0, 'X': 0}",2023-12-24 14:32:00,2023-12-25 4:56:00,On Time
INV-ZZ-1037453,SCH-ZZ-4460278,3027,Boeing 767,AMD,JAI,278,310,260,-18,50,27,55,83,111,32,27,0,5,"{'F': 0, 'P': 5}",62,52,3,10,"{'C': 7, 'J': 2, 'Z': 1}",97,81,2,16,127,107,4,20,"{'Q': 8, 'R': 4, 'S': 2, 'T': 2, 'H': 0, 'M': 0}","{'Y': 8, 'A': 6, 'B': 6, 'D': 0, 'E': 0, 'G': 0, 'I': 0, 'K': 0, 'L': 0, 'N': 0, 'O': 0, 'U': 0, 'V': 0, 'W': 0, 'X': 0}",2023-12-26 14:32:00,2023-12-27 4:56:00,On Time
INV-ZZ-9707530,SCH-ZZ-4460278,3027,Boeing 767,AMD,JAI,278,314,278,0,36,27,55,83,111,30,27,0,3,"{'F': 3, 'P': 0}",63,56,-1,7,"{'C': 1, 'J': 4, 'Z': 2}",97,86,-3,11,127,112,-1,15,"{'Q': 11, 'R': 0, 'S': 0, 'T': 0, 'H': 0, 'M': 0}","{'Y': 11, 'A': 2, 'B': 0, 'D': 0, 'E': 0, 'G': 0, 'I': 2, 'K': 0, 'L': 0, 'N': 0, 'O': 0, 'U': 0, 'V': 0, 'W': 0, 'X': 0}",2023-12-27 14:32:00,2023-12-28 4:56:00,On Time
INV-ZZ-7500750,SCH-ZZ-4460278,3027,Boeing 767,AMD,JAI,278,305,276,-2,29,27,55,83,111,30,27,0,3,"{'F': 1, 'P': 2}",63,57,-2,6,"{'C': 1, 'J': 4, 'Z': 1}",98,89,-6,9,127,115,-4,12,"{'Q': 4, 'R': 3, 'S': 2, 'T': 0, 'H': 0, 'M': 0}","{'Y': 1, 'A': 1, 'B': 4, 'D': 5, 'E': 1, 'G': 0, 'I': 0, 'K': 0, 'L': 0, 'N': 0, 'O': 0, 'U': 0, 'V': 0, 'W': 0, 'X': 0}",2023-12-28 14:32:00,2023-12-29 4:56:00,On Time
INV-ZZ-7283904,SCH-ZZ-4745163,3027,Boeing 777,AMD,JAI,425,468,455,30,13,42,85,127,170,47,46,-4,1,"{'F': 0, 'P': 1}",100,97,-12,3,"{'C': 3, 'J': 0, 'Z': 0}",146,142,-15,4,189,184,-14,5,"{'Q': 1, 'R': 0, 'S': 3, 'T': 0, 'H': 0, 'M': 0}","{'Y': 4, 'A': 1, 'B': 0, 'D': 0, 'E': 0, 'G': 0, 'I': 0, 'K': 0, 'L': 0, 'N': 0, 'O': 0, 'U': 0, 'V': 0, 'W': 0, 'X': 0}",2023-12-05 14:32:00,2023-12-06 4:56:00,On Time
INV-ZZ-4215629,SCH-ZZ-4745163,3027,Boeing 777,AMD,JAI,425,500,437,12,63,42,85,127,170,47,41,1,6,"{'F': 5, 'P': 1}",101,88,-3,13,"{'C': 4, 'J': 3, 'Z': 6}",149,130,-3,19,198,173,-3,25,"{'Q': 17, 'R': 2, 'S': 0, 'T': 0, 'H': 0, 'M': 0}","{'Y': 14, 'A': 9, 'B': 2, 'D': 0, 'E': 0, 'G': 0, 'I': 0, 'K': 0, 'L': 0, 'N': 0, 'O': 0, 'U': 0, 'V': 0, 'W': 0, 'X': 0}",2023-12-06 14:32:00,2023-12-07 4:56:00,On Time
INV-ZZ-5091630,SCH-ZZ-4745163,3027,Boeing 777,AMD,JAI,425,474,439,14,35,42,85,127,170,50,46,-4,4,"{'F': 4, 'P': 0}",102,94,-9,8,"{'C': 2, 'J': 6, 'Z': 0}",149,138,-11,11,193,179,-9,14,"{'Q': 1, 'R': 3, 'S': 5, 'T': 2, 'H': 0, 'M': 0}","{'Y': 11, 'A': 1, 'B': 2, 'D': 0, 'E': 0, 'G': 0, 'I': 0, 'K': 0, 'L': 0, 'N': 0, 'O': 0, 'U': 0, 'V': 0, 'W': 0, 'X': 0}",2023-12-09 14:32:00,2023-12-10 4:56:00,On Time
INV-ZZ-3290070,SCH-ZZ-4745163,3027,Boeing 777,AMD,JAI,425,495,457,32,38,42,85,127,170,46,42,0,4,"{'F': 2, 'P': 2}",98,90,-5,8,"{'C': 0, 'J': 0, 'Z': 8}",143,132,-5,11,197,182,-12,15,"{'Q': 0, 'R': 8, 'S': 2, 'T': 0, 'H': 0, 'M': 1}","{'Y': 2, 'A': 13, 'B': 0, 'D': 0, 'E': 0, 'G': 0, 'I': 0, 'K': 0, 'L': 0, 'N': 0, 'O': 0, 'U': 0, 'V': 0, 'W': 0, 'X': 0}",2023-12-10 14:32:00,2023-12-11 4:56:00,On Time
INV-ZZ-3654932,SCH-ZZ-4745163,3027,Boeing 777,AMD,JAI,425,486,398,-27,88,42,85,127,170,47,38,4,9,"{'F': 5, 'P': 4}",96,79,6,17,"{'C': 8, 'J': 7, 'Z': 2}",146,119,8,27,192,157,13,35,"{'Q': 16, 'R': 8, 'S': 0, 'T': 2, 'H': 0, 'M': 1}","{'Y': 11, 'A': 0, 'B': 17, 'D': 6, 'E': 1, 'G': 0, 'I': 0, 'K': 0, 'L': 0, 'N': 0, 'O': 0, 'U': 0, 'V': 0, 'W': 0, 'X': 0}",2023-12-11 14:32:00,2023-12-12 4:56:00,On Time
INV-ZZ-6163570,SCH-ZZ-4745163,3027,Boeing 777,AMD,JAI,425,494,409,-16,85,42,85,127,170,47,39,3,8,"{'F': 8, 'P': 0}",96,79,6,17,"{'C': 10, 'J': 6, 'Z': 1}",144,119,8,25,198,164,6,34,"{'Q': 16, 'R': 6, 'S': 2, 'T': 1, 'H': 0, 'M': 0}","{'Y': 19, 'A': 10, 'B': 1, 'D': 2, 'E': 2, 'G': 0, 'I': 0, 'K': 0, 'L': 0, 'N': 0, 'O': 0, 'U': 0, 'V': 0, 'W': 0, 'X': 0}",2023-12-12 14:32:00,2023-12-13 4:56:00,On Time
INV-ZZ-1335716,SCH-ZZ-4745163,3027,Boeing 777,AMD,JAI,425,499,449,24,50,42,85,127,170,49,44,-2,5,"{'F': 4, 'P': 1}",95,85,0,10,"{'C': 10, 'J': 0, 'Z': 0}",143,129,-2,14,188,169,1,19,"{'Q': 11, 'R': 3, 'S': 0, 'T': 0, 'H': 0, 'M': 0}","{'Y': 2, 'A': 4, 'B': 13, 'D': 0, 'E': 0, 'G': 0, 'I': 0, 'K': 0, 'L': 0, 'N': 0, 'O': 0, 'U': 0, 'V': 0, 'W': 0, 'X': 0}",2023-12-13 14:32:00,2023-12-14 4:56:00,On Time
INV-ZZ-5200345,SCH-ZZ-4745163,3027,Boeing 777,AMD,JAI,425,467,433,8,34,42,85,127,170,50,46,-4,4,"{'F': 2, 'P': 2}",97,90,-5,7,"{'C': 0, 'J': 4, 'Z': 3}",145,135,-8,10,195,181,-11,14,"{'Q': 1, 'R': 2, 'S': 3, 'T': 1, 'H': 1, 'M': 2}","{'Y': 5, 'A': 6, 'B': 2, 'D': 0, 'E': 1, 'G': 0, 'I': 0, 'K': 0, 'L': 0, 'N': 0, 'O': 0, 'U': 0, 'V': 0, 'W': 0, 'X': 0}",2023-12-16 14:32:00,2023-12-17 4:56:00,On Time
INV-ZZ-4777337,SCH-ZZ-4745163,3027,Boeing 777,AMD,JAI,425,485,395,-30,90,42,85,127,170,47,38,4,9,"{'F': 4, 'P': 5}",96,78,7,18,"{'C': 6, 'J': 7, 'Z': 5}",143,116,11,27,196,160,10,36,"{'Q': 14, 'R': 1, 'S': 1, 'T': 7, 'H': 2, 'M': 2}","{'Y': 27, 'A': 6, 'B': 2, 'D': 1, 'E': 0, 'G': 0, 'I': 0, 'K': 0, 'L': 0, 'N': 0, 'O': 0, 'U': 0, 'V': 0, 'W': 0, 'X': 0}",2023-12-17 14:32:00,2023-12-18 4:56:00,On Time
INV-ZZ-4048001,SCH-ZZ-4745163,3027,Boeing 777,AMD,JAI,425,481,449,24,32,42,85,127,170,46,43,-1,3,"{'F': 2, 'P': 1}",99,92,-7,7,"{'C': 5, 'J': 0, 'Z': 2}",149,139,-12,10,197,184,-14,13,"{'Q': 8, 'R': 2, 'S': 0, 'T': 0, 'H': 0, 'M': 0}","{'Y': 11, 'A': 0, 'B': 1, 'D': 0, 'E': 1, 'G': 0, 'I': 0, 'K': 0, 'L': 0, 'N': 0, 'O': 0, 'U': 0, 'V': 0, 'W': 0, 'X': 0}",2023-12-18 14:32:00,2023-12-19 4:56:00,On Time
INV-ZZ-3066483,SCH-ZZ-4745163,3027,Boeing 777,AMD,JAI,425,474,429,4,45,42,85,127,170,48,43,-1,5,"{'F': 0, 'P': 5}",100,90,-5,10,"{'C': 6, 'J': 1, 'Z': 3}",144,130,-3,14,193,175,-5,18,"{'Q': 12, 'R': 0, 'S': 0, 'T': 1, 'H': 1, 'M': 0}","{'Y': 10, 'A': 7, 'B': 0, 'D': 0, 'E': 0, 'G': 0, 'I': 0, 'K': 0, 'L': 1, 'N': 0, 'O': 0, 'U': 0, 'V': 0, 'W': 0, 'X': 0}",2023-12-19 14:32:00,2023-12-20 4:56:00,On Time
INV-ZZ-3257016,SCH-ZZ-4745163,3027,Boeing 777,AMD,JAI,425,507,432,7,75,42,85,127,170,48,41,1,7,"{'F': 3, 'P': 4}",99,84,1,15,"{'C': 10, 'J': 2, 'Z': 3}",151,129,-2,22,197,168,2,29,"{'Q': 20, 'R': 1, 'S': 0, 'T': 0, 'H': 0, 'M': 1}","{'Y': 8, 'A': 4, 'B': 4, 'D': 6, 'E': 5, 'G': 2, 'I': 0, 'K': 0, 'L': 0, 'N': 0, 'O': 0, 'U': 0, 'V': 0, 'W': 0, 'X': 0}",2023-12-20 14:32:00,2023-12-21 4:56:00,On Time
INV-ZZ-7048653,SCH-ZZ-2990004,2347,Boeing 787,PAT,BOM,270,323,288,18,35,27,54,81,108,32,28,-1,4,"{'F': 2, 'P': 2}",62,55,-1,7,"{'C': 0, 'J': 3, 'Z': 4}",91,81,0,10,128,114,-6,14,"{'Q': 9, 'R': 0, 'S': 0, 'T': 0, 'H': 1, 'M': 0}","{'Y': 13, 'A': 1, 'B': 0, 'D': 0, 'E': 0, 'G': 0, 'I': 0, 'K': 0, 'L': 0, 'N': 0, 'O': 0, 'U': 0, 'V': 0, 'W': 0, 'X': 0}",2023-12-21 11:26:00,2023-12-21 21:02:00,On Time
INV-ZZ-5830986,SCH-ZZ-2990004,2347,Boeing 787,PAT,BOM,270,298,251,-19,47,27,54,81,108,32,27,0,5,"{'F': 0, 'P': 5}",61,51,3,10,"{'C': 8, 'J': 2, 'Z': 0}",92,77,4,15,122,103,5,19,"{'Q': 14, 'R': 1, 'S': 0, 'T': 0, 'H': 0, 'M': 0}","{'Y': 4, 'A': 8, 'B': 6, 'D': 0, 'E': 1, 'G': 0, 'I': 0, 'K': 0, 'L': 0, 'N': 0, 'O': 0, 'U': 0, 'V': 0, 'W': 0, 'X': 0}",2023-12-23 11:26:00,2023-12-23 21:02:00,On Time
INV-ZZ-3690792,SCH-ZZ-2990004,2347,Boeing 787,PAT,BOM,270,311,258,-12,53,27,54,81,108,30,25,2,5,"{'F': 4, 'P': 1}",64,53,1,11,"{'C': 4, 'J': 4, 'Z': 3}",95,79,2,16,125,104,4,21,"{'Q': 9, 'R': 0, 'S': 6, 'T': 0, 'H': 1, 'M': 0}","{'Y': 16, 'A': 5, 'B': 0, 'D': 0, 'E': 0, 'G': 0, 'I': 0, 'K': 0, 'L': 0, 'N': 0, 'O': 0, 'U': 0, 'V': 0, 'W': 0, 'X': 0}",2023-12-26 11:26:00,2023-12-26 21:02:00,On Time
INV-ZZ-3582047,SCH-ZZ-2990004,2347,Boeing 787,PAT,BOM,270,310,256,-14,54,27,54,81,108,31,26,1,5,"{'F': 4, 'P': 1}",62,51,3,11,"{'C': 9, 'J': 1, 'Z': 1}",93,77,4,16,122,101,7,21,"{'Q': 2, 'R': 4, 'S': 2, 'T': 3, 'H': 5, 'M': 0}","{'Y': 3, 'A': 11, 'B': 3, 'D': 2, 'E': 0, 'G': 1, 'I': 1, 'K': 0, 'L': 0, 'N': 0, 'O': 0, 'U': 0, 'V': 0, 'W': 0, 'X': 0}",2023-12-28 11:26:00,2023-12-28 21:02:00,On Time
INV-ZZ-3158771,SCH-ZZ-4180348,4529,Boeing 777,BBI,GAU,425,482,411,-14,71,42,85,127,170,48,41,1,7,"{'F': 3, 'P': 4}",101,86,-1,15,"{'C': 10, 'J': 1, 'Z': 4}",148,126,1,22,198,169,1,29,"{'Q': 15, 'R': 2, 'S': 3, 'T': 1, 'H': 1, 'M': 0}","{'Y': 4, 'A': 8, 'B': 1, 'D': 2, 'E': 11, 'G': 0, 'I': 1, 'K': 1, 'L': 1, 'N': 0, 'O': 0, 'U': 0, 'V': 0, 'W': 0, 'X': 0}",2023-12-19 16:56:00,2023-12-19 21:11:00,On Time
INV-ZZ-1907219,SCH-ZZ-4180348,4529,Boeing 777,BBI,GAU,425,505,442,17,63,42,85,127,170,49,43,-1,6,"{'F': 2, 'P': 4}",99,87,-2,12,"{'C': 8, 'J': 3, 'Z': 1}",147,129,-2,18,202,177,-7,25,"{'Q': 0, 'R': 6, 'S': 6, 'T': 2, 'H': 3, 'M': 1}","{'Y': 20, 'A': 4, 'B': 1, 'D': 0, 'E': 0, 'G': 0, 'I': 0, 'K': 0, 'L': 0, 'N': 0, 'O': 0, 'U': 0, 'V': 0, 'W': 0, 'X': 0}",2023-12-22 16:56:00,2023-12-22 21:11:00,On Time
INV-ZZ-3028040,SCH-ZZ-4180348,4529,Boeing 777,BBI,GAU,425,481,416,-9,65,42,85,127,170,50,43,-1,7,"{'F': 2, 'P': 5}",98,85,0,13,"{'C': 6, 'J': 0, 'Z': 7}",144,125,2,19,201,174,-4,27,"{'Q': 13, 'R': 3, 'S': 0, 'T': 0, 'H': 2, 'M': 1}","{'Y': 17, 'A': 6, 'B': 2, 'D': 0, 'E': 2, 'G': 0, 'I': 0, 'K': 0, 'L': 0, 'N': 0, 'O': 0, 'U': 0, 'V': 0, 'W': 0, 'X': 0}",2023-12-23 16:56:00,2023-12-23 21:11:00,On Time
INV-ZZ-3209001,SCH-ZZ-2688489,3140,Airbus A320 Neo,CCU,LKO,180,215,196,16,19,18,36,54,72,22,20,-2,2,"{'F': 1, 'P': 1}",40,36,0,4,"{'C': 2, 'J': 0, 'Z': 2}",63,57,-3,6,85,77,-5,8,"{'Q': 5, 'R': 0, 'S': 1, 'T': 0, 'H': 0, 'M': 0}","{'Y': 4, 'A': 3, 'B': 1, 'D': 0, 'E': 0, 'G': 0, 'I': 0, 'K': 0, 'L': 0, 'N': 0, 'O': 0, 'U': 0, 'V': 0, 'W': 0, 'X': 0}",2023-12-15 14:20:00,2023-12-16 5:25:00,On Time
INV-ZZ-2542122,SCH-ZZ-2688489,3140,Airbus A320 Neo,CCU,LKO,180,212,200,20,12,18,36,54,72,20,19,-1,1,"{'F': 1, 'P': 0}",42,40,-4,2,"{'C': 0, 'J': 2, 'Z': 0}",59,56,-2,3,80,75,-3,5,"{'Q': 3, 'R': 0, 'S': 0, 'T': 0, 'H': 0, 'M': 0}","{'Y': 0, 'A': 5, 'B': 0, 'D': 0, 'E': 0, 'G': 0, 'I': 0, 'K': 0, 'L': 0, 'N': 0, 'O': 0, 'U': 0, 'V': 0, 'W': 0, 'X': 0}",2023-12-16 14:20:00,2023-12-17 5:25:00,On Time
INV-ZZ-4564354,SCH-ZZ-2688489,3140,Airbus A320 Neo,CCU,LKO,180,207,182,2,25,18,36,54,72,21,18,0,3,"{'F': 1, 'P': 2}",41,36,0,5,"{'C': 0, 'J': 5, 'Z': 0}",64,56,-2,8,80,70,2,10,"{'Q': 6, 'R': 1, 'S': 0, 'T': 1, 'H': 0, 'M': 0}","{'Y': 7, 'A': 1, 'B': 2, 'D': 0, 'E': 0, 'G': 0, 'I': 0, 'K': 0, 'L': 0, 'N': 0, 'O': 0, 'U': 0, 'V': 0, 'W': 0, 'X': 0}",2023-12-18 14:20:00,2023-12-19 5:25:00,On Time
INV-ZZ-3065635,SCH-ZZ-2688489,3140,Airbus A320 Neo,CCU,LKO,180,208,170,-10,38,18,36,54,72,20,16,2,4,"{'F': 0, 'P': 4}",40,33,3,7,"{'C': 1, 'J': 1, 'Z': 5}",63,51,3,12,82,67,5,15,"{'Q': 12, 'R': 0, 'S': 0, 'T': 0, 'H': 0, 'M': 0}","{'Y': 9, 'A': 5, 'B': 0, 'D': 0, 'E': 0, 'G': 0, 'I': 0, 'K': 1, 'L': 0, 'N': 0, 'O': 0, 'U': 0, 'V': 0, 'W': 0, 'X': 0}",2023-12-22 14:20:00,2023-12-23 5:25:00,On Time
INV-ZZ-9595780,SCH-ZZ-6466454,4529,Boeing 787,BBI,GAU,270,316,276,6,40,27,54,81,108,30,26,1,4,"{'F': 2, 'P': 2}",60,52,2,8,"{'C': 1, 'J': 3, 'Z': 4}",95,83,-2,12,126,110,-2,16,"{'Q': 7, 'R': 4, 'S': 1, 'T': 0, 'H': 0, 'M': 0}","{'Y': 4, 'A': 1, 'B': 9, 'D': 1, 'E': 1, 'G': 0, 'I': 0, 'K': 0, 'L': 0, 'N': 0, 'O': 0, 'U': 0, 'V': 0, 'W': 0, 'X': 0}",2023-12-09 16:56:00,2023-12-09 21:11:00,On Time
INV-ZZ-6451668,SCH-ZZ-6466454,4529,Boeing 787,BBI,GAU,270,299,275,5,24,27,54,81,108,32,29,-2,3,"{'F': 2, 'P': 1}",61,56,-2,5,"{'C': 0, 'J': 3, 'Z': 2}",92,85,-4,7,123,113,-5,10,"{'Q': 4, 'R': 1, 'S': 0, 'T': 0, 'H': 1, 'M': 1}","{'Y': 4, 'A': 6, 'B': 0, 'D': 0, 'E': 0, 'G': 0, 'I': 0, 'K': 0, 'L': 0, 'N': 0, 'O': 0, 'U': 0, 'V': 0, 'W': 0, 'X': 0}",2023-12-16 16:56:00,2023-12-16 21:11:00,On Time
INV-ZZ-8814119,SCH-ZZ-5903235,4114,Boeing 717,CJB,BLR,100,117,110,10,7,10,20,30,40,12,11,-1,1,"{'F': 0, 'P': 1}",23,22,-2,1,"{'C': 1, 'J': 0, 'Z': 0}",35,33,-3,2,45,42,-2,3,"{'Q': 2, 'R': 0, 'S': 0, 'T': 0, 'H': 0, 'M': 0}","{'Y': 1, 'A': 2, 'B': 0, 'D': 0, 'E': 0, 'G': 0, 'I': 0, 'K': 0, 'L': 0, 'N': 0, 'O': 0, 'U': 0, 'V': 0, 'W': 0, 'X': 0}",2023-12-10 11:36:00,2023-12-11 5:00:00,On Time
INV-ZZ-4459626,SCH-ZZ-5903235,4114,Boeing 717,CJB,BLR,100,117,105,5,12,10,20,30,40,12,11,-1,1,"{'F': 1, 'P': 0}",24,22,-2,2,"{'C': 0, 'J': 0, 'Z': 2}",34,30,0,4,48,43,-3,5,"{'Q': 4, 'R': 0, 'S': 0, 'T': 0, 'H': 0, 'M': 0}","{'Y': 1, 'A': 4, 'B': 0, 'D': 0, 'E': 0, 'G': 0, 'I': 0, 'K': 0, 'L': 0, 'N': 0, 'O': 0, 'U': 0, 'V': 0, 'W': 0, 'X': 0}",2023-12-13 11:36:00,2023-12-14 5:00:00,On Time
INV-ZZ-7430592,SCH-ZZ-5903235,4114,Boeing 717,CJB,BLR,100,119,104,4,15,10,20,30,40,11,10,0,1,"{'F': 1, 'P': 0}",23,20,0,3,"{'C': 1, 'J': 2, 'Z': 0}",34,30,0,4,47,41,-1,6,"{'Q': 0, 'R': 4, 'S': 0, 'T': 0, 'H': 0, 'M': 0}","{'Y': 2, 'A': 2, 'B': 2, 'D': 0, 'E': 0, 'G': 0, 'I': 0, 'K': 0, 'L': 0, 'N': 0, 'O': 0, 'U': 0, 'V': 0, 'W': 0, 'X': 0}",2023-12-17 11:36:00,2023-12-18 5:00:00,On Time
INV-ZZ-1945290,SCH-ZZ-7320637,2877,Boeing 787,GOI,BOM,270,318,275,5,43,27,54,81,108,31,27,0,4,"{'F': 2, 'P': 2}",65,56,-2,9,"{'C': 7, 'J': 2, 'Z': 0}",91,79,2,12,123,106,2,17,"{'Q': 9, 'R': 0, 'S': 2, 'T': 1, 'H': 0, 'M': 0}","{'Y': 13, 'A': 1, 'B': 2, 'D': 0, 'E': 0, 'G': 0, 'I': 1, 'K': 0, 'L': 0, 'N': 0, 'O': 0, 'U': 0, 'V': 0, 'W': 0, 'X': 0}",2023-12-11 1:10:00,2023-12-12 0:31:00,On Time
INV-ZZ-1760824,SCH-ZZ-7320637,2877,Boeing 787,GOI,BOM,270,323,301,31,22,27,54,81,108,31,29,-2,2,"{'F': 0, 'P': 2}",64,60,-6,4,"{'C': 2, 'J': 2, 'Z': 0}",93,87,-6,6,129,120,-12,9,"{'Q': 0, 'R': 4, 'S': 1, 'T': 0, 'H': 1, 'M': 0}","{'Y': 1, 'A': 1, 'B': 5, 'D': 1, 'E': 1, 'G': 0, 'I': 0, 'K': 0, 'L': 0, 'N': 0, 'O': 0, 'U': 0, 'V': 0, 'W': 0, 'X': 0}",2023-12-13 1:10:00,2023-12-14 0:31:00,On Time
INV-ZZ-9253386,SCH-ZZ-7320637,2877,Boeing 787,GOI,BOM,270,310,267,-3,43,27,54,81,108,32,28,-1,4,"{'F': 2, 'P': 2}",63,54,0,9,"{'C': 3, 'J': 4, 'Z': 2}",93,80,1,13,126,108,0,18,"{'Q': 2, 'R': 9, 'S': 2, 'T': 0, 'H': 0, 'M': 0}","{'Y': 6, 'A': 2, 'B': 8, 'D': 2, 'E': 0, 'G': 0, 'I': 0, 'K': 0, 'L': 0, 'N': 0, 'O': 0, 'U': 0, 'V': 0, 'W': 0, 'X': 0}",2023-12-14 1:10:00,2023-12-15 0:31:00,On Time
INV-ZZ-8300249,SCH-ZZ-7320637,2877,Boeing 787,GOI,BOM,270,306,276,6,30,27,54,81,108,30,27,0,3,"{'F': 3, 'P': 0}",61,55,-1,6,"{'C': 3, 'J': 2, 'Z': 1}",91,82,-1,9,128,115,-7,13,"{'Q': 4, 'R': 2, 'S': 2, 'T': 1, 'H': 0, 'M': 0}","{'Y': 7, 'A': 4, 'B': 2, 'D': 0, 'E': 0, 'G': 0, 'I': 0, 'K': 0, 'L': 0, 'N': 0, 'O': 0, 'U': 0, 'V': 0, 'W': 0, 'X': 0}",2023-12-15 1:10:00,2023-12-16 0:31:00,On Time
INV-ZZ-3634363,SCH-ZZ-7320637,2877,Boeing 787,GOI,BOM,270,313,257,-13,56,27,54,81,108,30,25,2,5,"{'F': 3, 'P': 2}",64,53,1,11,"{'C': 4, 'J': 1, 'Z': 6}",92,75,6,17,124,102,6,22,"{'Q': 15, 'R': 2, 'S': 0, 'T': 0, 'H': 0, 'M': 0}","{'Y': 15, 'A': 7, 'B': 0, 'D': 0, 'E': 0, 'G': 0, 'I': 0, 'K': 0, 'L': 0, 'N': 0, 'O': 0, 'U': 0, 'V': 0, 'W': 0, 'X': 0}",2023-12-16 1:10:00,2023-12-17 0:31:00,On Time
INV-ZZ-7421499,SCH-ZZ-7320637,2877,Boeing 787,GOI,BOM,270,311,264,-6,47,27,54,81,108,31,26,1,5,"{'F': 4, 'P': 1}",61,52,2,9,"{'C': 2, 'J': 3, 'Z': 4}",96,82,-1,14,123,105,3,18,"{'Q': 13, 'R': 0, 'S': 0, 'T': 1, 'H': 0, 'M': 0}","{'Y': 3, 'A': 0, 'B': 4, 'D': 11, 'E': 0, 'G': 0, 'I': 0, 'K': 0, 'L': 0, 'N': 0, 'O': 0, 'U': 0, 'V': 0, 'W': 0, 'X': 0}",2023-12-18 1:10:00,2023-12-19 0:31:00,On Time
INV-ZZ-6782674,SCH-ZZ-6644158,3323,Boeing 777,LKO,IDR,425,479,432,7,47,42,85,127,170,47,42,0,5,"{'F': 4, 'P': 1}",98,88,-3,10,"{'C': 8, 'J': 1, 'Z': 1}",141,127,0,14,202,182,-12,20,"{'Q': 10, 'R': 1, 'S': 3, 'T': 0, 'H': 0, 'M': 0}","{'Y': 6, 'A': 0, 'B': 9, 'D': 5, 'E': 0, 'G': 0, 'I': 0, 'K': 0, 'L': 0, 'N': 0, 'O': 0, 'U': 0, 'V': 0, 'W': 0, 'X': 0}",2023-12-14 23:18:00,2023-12-15 18:22:00,On Time
INV-ZZ-4188596,SCH-ZZ-6644158,3323,Boeing 777,LKO,IDR,425,494,450,25,44,42,85,127,170,50,46,-4,4,"{'F': 4, 'P': 0}",99,90,-5,9,"{'C': 7, 'J': 1, 'Z': 1}",144,131,-4,13,191,174,-4,17,"{'Q': 10, 'R': 2, 'S': 1, 'T': 0, 'H': 0, 'M': 0}","{'Y': 12, 'A': 4, 'B': 0, 'D': 1, 'E': 0, 'G': 0, 'I': 0, 'K': 0, 'L': 0, 'N': 0, 'O': 0, 'U': 0, 'V': 0, 'W': 0, 'X': 0}",2023-12-15 23:18:00,2023-12-16 18:22:00,On Time
INV-ZZ-2840882,SCH-ZZ-6644158,3323,Boeing 777,LKO,IDR,425,472,405,-20,67,42,85,127,170,47,40,2,7,"{'F': 6, 'P': 1}",95,81,4,14,"{'C': 8, 'J': 6, 'Z': 0}",145,124,3,21,202,173,-3,29,"{'Q': 15, 'R': 5, 'S': 1, 'T': 0, 'H': 0, 'M': 0}","{'Y': 27, 'A': 1, 'B': 1, 'D': 0, 'E': 0, 'G': 0, 'I': 0, 'K': 0, 'L': 0, 'N': 0, 'O': 0, 'U': 0, 'V': 0, 'W': 0, 'X': 0}",2023-12-16 23:18:00,2023-12-17 18:22:00,On Time
INV-ZZ-4813856,SCH-ZZ-6644158,3323,Boeing 777,LKO,IDR,425,488,412,-13,76,42,85,127,170,50,42,0,8,"{'F': 1, 'P': 7}",96,81,4,15,"{'C': 0, 'J': 14, 'Z': 1}",149,126,1,23,198,167,3,31,"{'Q': 16, 'R': 0, 'S': 2, 'T': 0, 'H': 5, 'M': 0}","{'Y': 16, 'A': 1, 'B': 10, 'D': 2, 'E': 1, 'G': 0, 'I': 1, 'K': 0, 'L': 0, 'N': 0, 'O': 0, 'U': 0, 'V': 0, 'W': 0, 'X': 0}",2023-12-18 23:18:00,2023-12-19 18:22:00,On Time
INV-ZZ-4752192,SCH-ZZ-6644158,3323,Boeing 777,LKO,IDR,425,502,413,-12,89,42,85,127,170,47,39,3,8,"{'F': 3, 'P': 5}",94,77,8,17,"{'C': 4, 'J': 12, 'Z': 1}",151,124,3,27,188,155,15,33,"{'Q': 24, 'R': 2, 'S': 1, 'T': 0, 'H': 0, 'M': 0}","{'Y': 12, 'A': 17, 'B': 4, 'D': 0, 'E': 0, 'G': 0, 'I': 0, 'K': 0, 'L': 0, 'N': 0, 'O': 0, 'U': 0, 'V': 0, 'W': 0, 'X': 0}",2023-12-21 23:18:00,2023-12-22 18:22:00,On Time
INV-ZZ-5189539,SCH-ZZ-5781287,4186,Boeing 787,BOM,GAU,270,308,258,-12,50,27,54,81,108,31,26,1,5,"{'F': 4, 'P': 1}",61,51,3,10,"{'C': 0, 'J': 5, 'Z': 5}",97,81,0,16,123,103,5,20,"{'Q': 15, 'R': 0, 'S': 0, 'T': 1, 'H': 0, 'M': 0}","{'Y': 13, 'A': 7, 'B': 0, 'D': 0, 'E': 0, 'G': 0, 'I': 0, 'K': 0, 'L': 0, 'N': 0, 'O': 0, 'U': 0, 'V': 0, 'W': 0, 'X': 0}",2023-12-16 7:43:00,2023-12-16 13:17:00,On Time
INV-ZZ-5066596,SCH-ZZ-5781287,4186,Boeing 787,BOM,GAU,270,298,276,6,22,27,54,81,108,31,29,-2,2,"{'F': 2, 'P': 0}",61,57,-3,4,"{'C': 4, 'J': 0, 'Z': 0}",95,88,-7,7,129,120,-12,9,"{'Q': 6, 'R': 0, 'S': 1, 'T': 0, 'H': 0, 'M': 0}","{'Y': 2, 'A': 5, 'B': 0, 'D': 0, 'E': 1, 'G': 0, 'I': 1, 'K': 0, 'L': 0, 'N': 0, 'O': 0, 'U': 0, 'V': 0, 'W': 0, 'X': 0}",2023-12-17 7:43:00,2023-12-17 13:17:00,On Time
INV-ZZ-6622628,SCH-ZZ-5781287,4186,Boeing 787,BOM,GAU,270,309,260,-10,49,27,54,81,108,31,26,1,5,"{'F': 1, 'P': 4}",65,55,-1,10,"{'C': 0, 'J': 9, 'Z': 1}",91,77,4,14,129,109,-1,20,"{'Q': 11, 'R': 2, 'S': 1, 'T': 0, 'H': 0, 'M': 0}","{'Y': 18, 'A': 2, 'B': 0, 'D': 0, 'E': 0, 'G': 0, 'I': 0, 'K': 0, 'L': 0, 'N': 0, 'O': 0, 'U': 0, 'V': 0, 'W': 0, 'X': 0}",2023-12-18 7:43:00,2023-12-18 13:17:00,On Time
INV-ZZ-1644868,SCH-ZZ-1972891,3455,Boeing 777,MAA,HYD,425,476,449,24,27,42,85,127,170,47,44,-2,3,"{'F': 0, 'P': 3}",94,89,-4,5,"{'C': 0, 'J': 0, 'Z': 5}",141,133,-6,8,192,181,-11,11,"{'Q': 0, 'R': 5, 'S': 0, 'T': 0, 'H': 1, 'M': 2}","{'Y': 7, 'A': 4, 'B': 0, 'D': 0, 'E': 0, 'G': 0, 'I': 0, 'K': 0, 'L': 0, 'N': 0, 'O': 0, 'U': 0, 'V': 0, 'W': 0, 'X': 0}",2023-12-10 10:06:00,2023-12-10 17:08:00,On Time
INV-ZZ-6224611,SCH-ZZ-1972891,3455,Boeing 777,MAA,HYD,425,479,407,-18,72,42,85,127,170,49,42,0,7,"{'F': 6, 'P': 1}",100,85,0,15,"{'C': 11, 'J': 2, 'Z': 2}",149,127,0,22,198,168,2,30,"{'Q': 16, 'R': 3, 'S': 1, 'T': 2, 'H': 0, 'M': 0}","{'Y': 19, 'A': 5, 'B': 2, 'D': 1, 'E': 2, 'G': 1, 'I': 0, 'K': 0, 'L': 0, 'N': 0, 'O': 0, 'U': 0, 'V': 0, 'W': 0, 'X': 0}",2023-12-17 10:06:00,2023-12-17 17:08:00,On Time
INV-ZZ-6712365,SCH-ZZ-7992875,3323,Boeing 777,LKO,IDR,425,475,432,7,43,42,85,127,170,48,44,-2,4,"{'F': 4, 'P': 0}",98,89,-4,9,"{'C': 5, 'J': 1, 'Z': 3}",145,132,-5,13,196,178,-8,18,"{'Q': 4, 'R': 4, 'S': 2, 'T': 2, 'H': 1, 'M': 0}","{'Y': 4, 'A': 10, 'B': 4, 'D': 0, 'E': 0, 'G': 0, 'I': 0, 'K': 0, 'L': 0, 'N': 0, 'O': 0, 'U': 0, 'V': 0, 'W': 0, 'X': 0}",2023-12-10 23:18:00,2023-12-11 18:22:00,On Time
INV-ZZ-4635068,SCH-ZZ-7992875,3323,Boeing 777,LKO,IDR,425,480,429,4,51,42,85,127,170,49,44,-2,5,"{'F': 1, 'P': 4}",98,88,-3,10,"{'C': 10, 'J': 0, 'Z': 0}",149,133,-6,16,199,178,-8,21,"{'Q': 15, 'R': 1, 'S': 0, 'T': 0, 'H': 0, 'M': 0}","{'Y': 5, 'A': 4, 'B': 7, 'D': 4, 'E': 0, 'G': 1, 'I': 0, 'K': 0, 'L': 0, 'N': 0, 'O': 0, 'U': 0, 'V': 0, 'W': 0, 'X': 0}",2023-12-11 23:18:00,2023-12-12 18:22:00,On Time
INV-ZZ-4928666,SCH-ZZ-7992875,3323,Boeing 777,LKO,IDR,425,473,438,13,35,42,85,127,170,47,43,-1,4,"{'F': 1, 'P': 3}",102,94,-9,8,"{'C': 7, 'J': 1, 'Z': 0}",148,137,-10,11,187,173,-3,14,"{'Q': 11, 'R': 0, 'S': 0, 'T': 0, 'H': 0, 'M': 0}","{'Y': 12, 'A': 2, 'B': 0, 'D': 0, 'E': 0, 'G': 0, 'I': 0, 'K': 0, 'L': 0, 'N': 0, 'O': 0, 'U': 0, 'V': 0, 'W': 0, 'X': 0}",2023-12-12 23:18:00,2023-12-13 18:22:00,On Time
INV-ZZ-6275470,SCH-ZZ-7992875,3323,Boeing 777,LKO,IDR,425,492,421,-4,71,42,85,127,170,49,42,0,7,"{'F': 4, 'P': 3}",94,80,5,14,"{'C': 10, 'J': 1, 'Z': 3}",145,124,3,21,198,169,1,29,"{'Q': 14, 'R': 4, 'S': 0, 'T': 3, 'H': 0, 'M': 0}","{'Y': 6, 'A': 15, 'B': 0, 'D': 3, 'E': 1, 'G': 2, 'I': 0, 'K': 1, 'L': 1, 'N': 0, 'O': 0, 'U': 0, 'V': 0, 'W': 0, 'X': 0}",2023-12-13 23:18:00,2023-12-14 18:22:00,On Time
INV-ZZ-4418641,SCH-ZZ-9900243,4132,Boeing 767,CCJ,GAU,278,332,285,7,47,27,55,83,111,32,27,0,5,"{'F': 3, 'P': 2}",65,56,-1,9,"{'C': 7, 'J': 1, 'Z': 1}",98,84,-1,14,128,110,1,18,"{'Q': 13, 'R': 1, 'S': 0, 'T': 0, 'H': 0, 'M': 0}","{'Y': 5, 'A': 3, 'B': 0, 'D': 10, 'E': 0, 'G': 0, 'I': 0, 'K': 0, 'L': 0, 'N': 0, 'O': 0, 'U': 0, 'V': 0, 'W': 0, 'X': 0}",2023-12-08 0:04:00,2023-12-08 12:11:00,On Time
INV-ZZ-5287616,SCH-ZZ-9900243,4132,Boeing 767,CCJ,GAU,278,331,303,25,28,27,55,83,111,32,29,-2,3,"{'F': 2, 'P': 1}",61,56,-1,5,"{'C': 5, 'J': 0, 'Z': 0}",97,89,-6,8,129,118,-7,11,"{'Q': 0, 'R': 0, 'S': 2, 'T': 6, 'H': 0, 'M': 0}","{'Y': 0, 'A': 0, 'B': 8, 'D': 3, 'E': 0, 'G': 0, 'I': 0, 'K': 0, 'L': 0, 'N': 0, 'O': 0, 'U': 0, 'V': 0, 'W': 0, 'X': 0}",2023-12-15 0:04:00,2023-12-15 12:11:00,On Time
INV-ZZ-8053149,SCH-ZZ-9900243,4132,Boeing 767,CCJ,GAU,278,323,309,31,14,27,55,83,111,30,29,-2,1,"{'F': 0, 'P': 1}",61,58,-3,3,"{'C': 1, 'J': 0, 'Z': 2}",92,88,-5,4,126,121,-10,5,"{'Q': 1, 'R': 3, 'S': 0, 'T': 0, 'H': 0, 'M': 0}","{'Y': 4, 'A': 1, 'B': 0, 'D': 0, 'E': 0, 'G': 0, 'I': 0, 'K': 0, 'L': 0, 'N': 0, 'O': 0, 'U': 0, 'V': 0, 'W': 0, 'X': 0}",2023-12-11 0:04:00,2023-12-11 12:11:00,On Time
INV-ZZ-2953205,SCH-ZZ-5356553,3417,Boeing 787,CNN,MAA,270,308,270,0,38,27,54,81,108,32,28,-1,4,"{'F': 1, 'P': 3}",60,53,1,7,"{'C': 1, 'J': 5, 'Z': 1}",90,79,2,11,124,109,-1,15,"{'Q': 8, 'R': 1, 'S': 0, 'T': 0, 'H': 2, 'M': 0}","{'Y': 4, 'A': 11, 'B': 0, 'D': 0, 'E': 0, 'G': 0, 'I': 0, 'K': 0, 'L': 0, 'N': 0, 'O': 0, 'U': 0, 'V': 0, 'W': 0, 'X': 0}",2023-12-07 4:37:00,2023-12-07 12:50:00,On Time
INV-ZZ-5102252,SCH-ZZ-5356553,3417,Boeing 787,CNN,MAA,270,317,276,6,41,27,54,81,108,32,28,-1,4,"{'F': 4, 'P': 0}",63,55,-1,8,"{'C': 0, 'J': 1, 'Z': 7}",96,84,-3,12,121,105,3,16,"{'Q': 12, 'R': 0, 'S': 0, 'T': 0, 'H': 0, 'M': 0}","{'Y': 13, 'A': 3, 'B': 0, 'D': 0, 'E': 0, 'G': 0, 'I': 0, 'K': 0, 'L': 0, 'N': 0, 'O': 0, 'U': 0, 'V': 0, 'W': 0, 'X': 0}",2023-12-09 4:37:00,2023-12-09 12:50:00,On Time
INV-ZZ-3444962,SCH-ZZ-5356553,3417,Boeing 787,CNN,MAA,270,306,286,16,20,27,54,81,108,30,28,-1,2,"{'F': 0, 'P': 2}",63,59,-5,4,"{'C': 3, 'J': 1, 'Z': 0}",96,90,-9,6,129,121,-13,8,"{'Q': 6, 'R': 0, 'S': 0, 'T': 0, 'H': 0, 'M': 0}","{'Y': 6, 'A': 0, 'B': 0, 'D': 0, 'E': 2, 'G': 0, 'I': 0, 'K': 0, 'L': 0, 'N': 0, 'O': 0, 'U': 0, 'V': 0, 'W': 0, 'X': 0}",2023-12-10 4:37:00,2023-12-10 12:50:00,On Time
INV-ZZ-6300117,SCH-ZZ-6629838,4938,Boeing 787,COK,IDR,270,311,298,28,13,27,54,81,108,30,29,-2,1,"{'F': 0, 'P': 1}",63,60,-6,3,"{'C': 2, 'J': 1, 'Z': 0}",95,91,-10,4,122,117,-9,5,"{'Q': 0, 'R': 4, 'S': 0, 'T': 0, 'H': 0, 'M': 0}","{'Y': 4, 'A': 0, 'B': 1, 'D': 0, 'E': 0, 'G': 0, 'I': 0, 'K': 0, 'L': 0, 'N': 0, 'O': 0, 'U': 0, 'V': 0, 'W': 0, 'X': 0}",2023-12-06 13:02:00,2023-12-06 15:16:00,On Time
INV-ZZ-2692200,SCH-ZZ-6629838,4938,Boeing 787,COK,IDR,270,311,277,7,34,27,54,81,108,31,28,-1,3,"{'F': 0, 'P': 3}",64,57,-3,7,"{'C': 1, 'J': 6, 'Z': 0}",90,80,1,10,125,111,-3,14,"{'Q': 1, 'R': 9, 'S': 0, 'T': 0, 'H': 0, 'M': 0}","{'Y': 10, 'A': 4, 'B': 0, 'D': 0, 'E': 0, 'G': 0, 'I': 0, 'K': 0, 'L': 0, 'N': 0, 'O': 0, 'U': 0, 'V': 0, 'W': 0, 'X': 0}",2023-12-10 13:02:00,2023-12-10 15:16:00,On Time
INV-ZZ-7383738,SCH-ZZ-6629838,4938,Boeing 787,COK,IDR,270,309,274,4,35,27,54,81,108,32,28,-1,4,"{'F': 4, 'P': 0}",61,54,0,7,"{'C': 5, 'J': 2, 'Z': 0}",96,85,-4,11,124,110,-2,14,"{'Q': 7, 'R': 1, 'S': 1, 'T': 0, 'H': 2, 'M': 0}","{'Y': 11, 'A': 2, 'B': 0, 'D': 1, 'E': 0, 'G': 0, 'I': 0, 'K': 0, 'L': 0, 'N': 0, 'O': 0, 'U': 0, 'V': 0, 'W': 0, 'X': 0}",2023-12-11 13:02:00,2023-12-11 15:16:00,On Time
INV-ZZ-6685462,SCH-ZZ-6629838,4938,Boeing 787,COK,IDR,270,317,282,12,35,27,54,81,108,31,28,-1,3,"{'F': 1, 'P': 2}",64,57,-3,7,"{'C': 5, 'J': 0, 'Z': 2}",91,81,0,10,124,110,-2,14,"{'Q': 0, 'R': 0, 'S': 2, 'T': 3, 'H': 5, 'M': 0}","{'Y': 9, 'A': 2, 'B': 2, 'D': 0, 'E': 0, 'G': 1, 'I': 0, 'K': 0, 'L': 0, 'N': 0, 'O': 0, 'U': 0, 'V': 0, 'W': 0, 'X': 0}",2023-12-13 13:02:00,2023-12-13 15:16:00,On Time
INV-ZZ-1730435,SCH-ZZ-3933513,2684,BAe 146,PNQ,CNN,91,107,101,10,6,9,18,27,36,11,10,-1,1,"{'F': 1, 'P': 0}",20,19,-1,1,"{'C': 1, 'J': 0, 'Z': 0}",31,29,-2,2,42,40,-4,2,"{'Q': 1, 'R': 0, 'S': 0, 'T': 0, 'H': 0, 'M': 1}","{'Y': 1, 'A': 0, 'B': 1, 'D': 0, 'E': 0, 'G': 0, 'I': 0, 'K': 0, 'L': 0, 'N': 0, 'O': 0, 'U': 0, 'V': 0, 'W': 0, 'X': 0}",2023-12-14 20:10:00,2023-12-15 1:13:00,On Time
INV-ZZ-2692884,SCH-ZZ-3933513,2684,BAe 146,PNQ,CNN,91,106,92,1,14,9,18,27,36,11,10,-1,1,"{'F': 0, 'P': 1}",20,17,1,3,"{'C': 3, 'J': 0, 'Z': 0}",31,27,0,4,40,35,1,5,"{'Q': 2, 'R': 0, 'S': 2, 'T': 0, 'H': 0, 'M': 0}","{'Y': 1, 'A': 0, 'B': 1, 'D': 1, 'E': 1, 'G': 1, 'I': 0, 'K': 0, 'L': 0, 'N': 0, 'O': 0, 'U': 0, 'V': 0, 'W': 0, 'X': 0}",2023-12-16 20:10:00,2023-12-17 1:13:00,On Time
INV-ZZ-9163353,SCH-ZZ-3933513,2684,BAe 146,PNQ,CNN,91,101,89,-2,12,9,18,27,36,11,10,-1,1,"{'F': 1, 'P': 0}",20,18,0,2,"{'C': 0, 'J': 0, 'Z': 2}",30,27,0,3,40,35,1,5,"{'Q': 0, 'R': 0, 'S': 3, 'T': 0, 'H': 0, 'M': 0}","{'Y': 1, 'A': 1, 'B': 0, 'D': 3, 'E': 0, 'G': 0, 'I': 0, 'K': 0, 'L': 0, 'N': 0, 'O': 0, 'U': 0, 'V': 0, 'W': 0, 'X': 0}",2023-12-17 20:10:00,2023-12-18 1:13:00,On Time
INV-ZZ-4685897,SCH-ZZ-3933513,2684,BAe 146,PNQ,CNN,91,103,92,1,11,9,18,27,36,10,9,0,1,"{'F': 1, 'P': 0}",21,19,-1,2,"{'C': 2, 'J': 0, 'Z': 0}",31,28,-1,3,43,39,-3,4,"{'Q': 0, 'R': 2, 'S': 0, 'T': 0, 'H': 1, 'M': 0}","{'Y': 4, 'A': 0, 'B': 0, 'D': 0, 'E': 0, 'G': 0, 'I': 0, 'K': 0, 'L': 0, 'N': 0, 'O': 0, 'U': 0, 'V': 0, 'W': 0, 'X': 0}",2023-12-18 20:10:00,2023-12-19 1:13:00,On Time
INV-ZZ-6022794,SCH-ZZ-3933513,2684,BAe 146,PNQ,CNN,91,100,88,-3,12,9,18,27,36,10,9,0,1,"{'F': 0, 'P': 1}",21,18,0,3,"{'C': 3, 'J': 0, 'Z': 0}",30,26,1,4,42,37,-1,5,"{'Q': 1, 'R': 0, 'S': 2, 'T': 1, 'H': 0, 'M': 0}","{'Y': 1, 'A': 2, 'B': 2, 'D': 0, 'E': 0, 'G': 0, 'I': 0, 'K': 0, 'L': 0, 'N': 0, 'O': 0, 'U': 0, 'V': 0, 'W': 0, 'X': 0}",2023-12-19 20:10:00,2023-12-20 1:13:00,On Time
INV-ZZ-1875595,SCH-ZZ-7283355,3417,Boeing 787,CJB,IDR,270,300,144,-126,156,27,54,81,108,32,15,12,17,"{'F': 1, 'P': 16}",60,29,25,31,"{'C': 10, 'J': 21, 'Z': 0}",94,45,36,49,127,61,47,66,"{'Q': 32, 'R': 7, 'S': 5, 'T': 3, 'H': 1, 'M': 1}","{'Y': 9, 'A': 37, 'B': 7, 'D': 8, 'E': 1, 'G': 0, 'I': 4, 'K': 0, 'L': 0, 'N': 0, 'O': 0, 'U': 0, 'V': 0, 'W': 0, 'X': 0}",2023-12-08 2:37:00,2023-12-08 5:50:00,On Time
INV-SS-4889368,SCH-ZZ-1074893,3417,Airbus A321 Neo,CNN,MAA,220,252,210,-10,42,22,44,66,88,25,21,1,4,"{'F': 2, 'P': 2}",52,43,1,9,"{'C': 6, 'J': 2, 'Z': 1}",76,63,3,13,98,82,6,16,"{'Q': 1, 'R': 5, 'S': 7, 'T': 0, 'H': 0, 'M': 0}","{'Y': 15, 'A': 1, 'B': 0, 'D': 0, 'E': 0, 'G': 0, 'I': 0, 'K': 0, 'L': 0, 'N': 0, 'O': 0, 'U': 0, 'V': 0, 'W': 0, 'X': 0}",2023-12-06 6:47:00,2023-12-06 14:50:00,On Time
INV-SS-1373383,SCH-RR-1074893,3417,Airbus A321 Neo,CNN,MAA,220,249,209,-11,40,22,44,66,88,24,20,2,4,"{'F': 0, 'P': 4}",52,44,0,8,"{'C': 2, 'J': 6, 'Z': 0}",73,61,5,12,103,87,1,16,"{'Q': 5, 'R': 5, 'S': 2, 'T': 0, 'H': 0, 'M': 0}","{'Y': 7, 'A': 0, 'B': 3, 'D': 6, 'E': 0, 'G': 0, 'I': 0, 'K': 0, 'L': 0, 'N': 0, 'O': 0, 'U': 0, 'V': 0, 'W': 0, 'X': 0}",2023-12-07 5:47:00,2023-12-07 12:50:00,On Time
INV-SS-1232037,SCH-ZZ-7048209,4886,Airbus A321 Neo,BOM,PAT,220,250,221,1,29,22,44,66,88,25,22,0,3,"{'F': 2, 'P': 1}",51,45,-1,6,"{'C': 6, 'J': 0, 'Z': 0}",73,64,2,9,100,88,0,12,"{'Q': 4, 'R': 3, 'S': 1, 'T': 1, 'H': 0, 'M': 0}","{'Y': 4, 'A': 7, 'B': 1, 'D': 0, 'E': 0, 'G': 0, 'I': 0, 'K': 0, 'L': 0, 'N': 0, 'O': 0, 'U': 0, 'V': 0, 'W': 0, 'X': 0}",2023-12-09 11:53:00,2023-12-09 21:48:00,On Time
INV-SS-5504437,SCH-ZZ-2592431,4429,Airbus A321-200,JAI,CJB,200,224,210,10,14,20,40,60,80,22,21,-1,1,"{'F': 1, 'P': 0}",44,41,-1,3,"{'C': 2, 'J': 1, 'Z': 0}",67,63,-3,4,89,83,-3,6,"{'Q': 4, 'R': 0, 'S': 0, 'T': 0, 'H': 0, 'M': 0}","{'Y': 4, 'A': 2, 'B': 0, 'D': 0, 'E': 0, 'G': 0, 'I': 0, 'K': 0, 'L': 0, 'N': 0, 'O': 0, 'U': 0, 'V': 0, 'W': 0, 'X': 0}",2023-12-07 17:53:00,2023-12-07 22:53:00,On Time
INV-SS-8235676,SCH-ZZ-9004907,4828,Boeing 757,MAA,QAH,209,233,202,-7,31,20,41,62,83,23,20,0,3,"{'F': 1, 'P': 2}",48,42,-1,6,"{'C': 4, 'J': 2, 'Z': 0}",70,61,1,9,92,80,3,12,"{'Q': 0, 'R': 7, 'S': 2, 'T': 0, 'H': 0, 'M': 0}","{'Y': 11, 'A': 0, 'B': 0, 'D': 1, 'E': 0, 'G': 0, 'I': 0, 'K': 0, 'L': 0, 'N': 0, 'O': 0, 'U': 0, 'V': 0, 'W': 0, 'X': 0}",2023-12-09 0:12:00,2023-12-09 11:16:00,On Time
INV-SS-5077896,SCH-ZZ-8515821,4838,Boeing 787,DEL,BOM,270,301,260,-10,41,27,54,81,108,31,27,0,4,"{'F': 2, 'P': 2}",62,54,0,8,"{'C': 2, 'J': 0, 'Z': 6}",92,80,1,12,121,105,3,16,"{'Q': 7, 'R': 2, 'S': 3, 'T': 0, 'H': 0, 'M': 0}","{'Y': 8, 'A': 6, 'B': 0, 'D': 2, 'E': 0, 'G': 0, 'I': 0, 'K': 0, 'L': 0, 'N': 0, 'O': 0, 'U': 0, 'V': 0, 'W': 0, 'X': 0}",2023-12-07 10:22:00,2023-12-07 13:39:00,On Time
INV-SS-5279186,SCH-ZZ-1430826,2008,Boeing 717,GAU,LKO,100,114,107,7,7,10,20,30,40,11,10,0,1,"{'F': 0, 'P': 1}",23,22,-2,1,"{'C': 1, 'J': 0, 'Z': 0}",36,34,-4,2,45,42,-2,3,"{'Q': 0, 'R': 2, 'S': 0, 'T': 0, 'H': 0, 'M': 0}","{'Y': 2, 'A': 0, 'B': 1, 'D': 0, 'E': 0, 'G': 0, 'I': 0, 'K': 0, 'L': 0, 'N': 0, 'O': 0, 'U': 0, 'V': 0, 'W': 0, 'X': 0}",2023-12-16 1:15:00,2023-12-16 16:46:00,On Time
INV-SS-4844919,SCH-ZZ-6454179,2973,Airbus A321-200,IDR,PNQ,100,117,105,5,12,10,20,30,40,11,10,0,1,"{'F': 1, 'P': 0}",23,21,-1,2,"{'C': 1, 'J': 1, 'Z': 0}",34,31,-1,3,48,43,-3,5,"{'Q': 1, 'R': 0, 'S': 0, 'T': 0, 'H': 0, 'M': 2}","{'Y': 2, 'A': 2, 'B': 1, 'D': 0, 'E': 0, 'G': 0, 'I': 0, 'K': 0, 'L': 0, 'N': 0, 'O': 0, 'U': 0, 'V': 0, 'W': 0, 'X': 0}",2023-12-06 17:53:00,2023-12-07 12:06:00,On Time
INV-SS-6838868,SCH-ZZ-1922965,2814,Boeing 717,JAI,IDR,100,117,98,-2,19,10,20,30,40,11,9,1,2,"{'F': 0, 'P': 2}",23,19,1,4,"{'C': 2, 'J': 0, 'Z': 2}",34,28,2,6,44,37,3,7,"{'Q': 1, 'R': 0, 'S': 2, 'T': 1, 'H': 2, 'M': 0}","{'Y': 5, 'A': 0, 'B': 0, 'D': 0, 'E': 0, 'G': 2, 'I': 0, 'K': 0, 'L': 0, 'N': 0, 'O': 0, 'U': 0, 'V': 0, 'W': 0, 'X': 0}",2023-12-07 17:12:00,2023-12-08 10:36:00,On Time
INV-SS-9371028,SCH-ZZ-6053731,2560,BAe 146,GAY,BBI,91,100,85,-6,15,9,18,27,36,10,9,0,1,"{'F': 1, 'P': 0}",21,18,0,3,"{'C': 0, 'J': 3, 'Z': 0}",32,27,0,5,43,37,-1,6,"{'Q': 3, 'R': 1, 'S': 0, 'T': 1, 'H': 0, 'M': 0}","{'Y': 5, 'A': 1, 'B': 0, 'D': 0, 'E': 0, 'G': 0, 'I': 0, 'K': 0, 'L': 0, 'N': 0, 'O': 0, 'U': 0, 'V': 0, 'W': 0, 'X': 0}",2023-12-09 4:02:00,2023-12-09 20:34:00,On Time
INV-SS-4555543,SCH-ZZ-6640588,2752,Boeing 777,UDR,PNQ,425,477,443,18,34,42,85,127,170,48,45,-3,3,"{'F': 0, 'P': 3}",96,89,-4,7,"{'C': 1, 'J': 1, 'Z': 5}",147,136,-9,11,193,179,-9,14,"{'Q': 9, 'R': 0, 'S': 0, 'T': 0, 'H': 1, 'M': 1}","{'Y': 5, 'A': 1, 'B': 2, 'D': 6, 'E': 0, 'G': 0, 'I': 0, 'K': 0, 'L': 0, 'N': 0, 'O': 0, 'U': 0, 'V': 0, 'W': 0, 'X': 0}",2023-12-09 11:47:00,2023-12-09 17:27:00,On Time
INV-RR-9989716,SCH-RR-9900243,4133,Boeing 767,DEL,CCJ,278,350,250,-28,100,29,55,83,111,48,29,-19,19,"{'F': 2, 'P': 1}",78,56,-20,22,"{'C': 5, 'J': 0, 'Z': 0}",120,79,-35,41,104,118,14,0,"{'Q': 0, 'R': 0, 'S': 2, 'T': 6, 'H': 0, 'M': 0}","{'Y': 0, 'A': 0, 'B': 8, 'D': 3, 'E': 0, 'G': 0, 'I': 0, 'K': 0, 'L': 0, 'N': 0, 'O': 0, 'U': 0, 'V': 0, 'W': 0, 'X': 0}",2023-12-14 20:05:00,2023-12-14 23:10:00,On Time
INV-SS1-9371028,SCH-ZZ-6053731,2560,BAe 146,PAT,DEL,91,100,85,-6,15,9,18,27,36,10,9,0,1,"{'F': 1, 'P': 0}",21,18,0,3,"{'C': 0, 'J': 3, 'Z': 0}",32,27,0,5,43,37,-1,6,"{'Q': 3, 'R': 1, 'S': 0, 'T': 1, 'H': 0, 'M': 0}","{'Y': 5, 'A': 1, 'B': 0, 'D': 0, 'E': 0, 'G': 0, 'I': 0, 'K': 0, 'L': 0, 'N': 0, 'O': 0, 'U': 0, 'V': 0, 'W': 0, 'X': 0}",2023-12-09 6:02:00,2023-12-09 10:34:00,On Time
INV-SS2-9371028,SCH-ZZ-6053731,2560,BAe 146,DEL,BBI,91,100,85,-6,15,9,18,27,36,10,9,0,1,"{'F': 1, 'P': 0}",21,18,0,3,"{'C': 0, 'J': 3, 'Z': 0}",32,27,0,5,43,37,-1,6,"{'Q': 3, 'R': 1, 'S': 0, 'T': 1, 'H': 0, 'M': 0}","{'Y': 5, 'A': 1, 'B': 0, 'D': 0, 'E': 0, 'G': 0, 'I': 0, 'K': 0, 'L': 0, 'N': 0, 'O': 0, 'U': 0, 'V': 0, 'W': 0, 'X': 0}",2023-12-09 13:02:00,2023-12-09 20:34:00,On Time
INV-SS1-3590805,SCH-ZZ-5949538,2809,Airbus A321 Neo,CJB,BLR,220,256,214,-6,42,22,44,66,88,26,22,0,4,"{'F': 4, 'P': 0}",49,41,3,8,"{'C': 6, 'J': 2, 'Z': 0}",77,64,2,13,103,86,2,17,"{'Q': 2, 'R': 3, 'S': 3, 'T': 0, 'H': 5, 'M': 0}","{'Y': 8, 'A': 8, 'B': 1, 'D': 0, 'E': 0, 'G': 0, 'I': 0, 'K': 0, 'L': 0, 'N': 0, 'O': 0, 'U': 0, 'V': 0, 'W': 0, 'X': 0}",2023-12-06 7:47:00,2023-12-06 10:05:00,On Time
INV-SS2-3590805,SCH-ZZ-5949538,2809,Airbus A321 Neo,BLR,HYD,220,256,214,-6,42,22,44,66,88,26,22,0,4,"{'F': 4, 'P': 0}",49,41,3,8,"{'C': 6, 'J': 2, 'Z': 0}",77,64,2,13,103,86,2,17,"{'Q': 2, 'R': 3, 'S': 3, 'T': 0, 'H': 5, 'M': 0}","{'Y': 8, 'A': 8, 'B': 1, 'D': 0, 'E': 0, 'G': 0, 'I': 0, 'K': 0, 'L': 0, 'N': 0, 'O': 0, 'U': 0, 'V': 0, 'W': 0, 'X': 0}",2023-12-06 11:47:00,2023-12-06 14:05:00,On Time
INV-SS1-1232037,SCH-ZZ-7048209,4886,Airbus A321 Neo,BOM,ISK,220,250,221,1,29,22,44,66,88,25,22,0,3,"{'F': 2, 'P': 1}",51,45,-1,6,"{'C': 6, 'J': 0, 'Z': 0}",73,64,2,9,100,88,0,12,"{'Q': 4, 'R': 3, 'S': 1, 'T': 1, 'H': 0, 'M': 0}","{'Y': 4, 'A': 7, 'B': 1, 'D': 0, 'E': 0, 'G': 0, 'I': 0, 'K': 0, 'L': 0, 'N': 0, 'O': 0, 'U': 0, 'V': 0, 'W': 0, 'X': 0}",2023-12-09 10:23:00,2023-12-09 12:48:00,On Time
INV-SS2-1232037,SCH-ZZ-7048209,4886,Airbus A321 Neo,ISK,PAT,220,250,221,1,29,22,44,66,88,25,22,0,3,"{'F': 2, 'P': 1}",51,45,-1,6,"{'C': 6, 'J': 0, 'Z': 0}",73,64,2,9,100,88,0,12,"{'Q': 4, 'R': 3, 'S': 1, 'T': 1, 'H': 0, 'M': 0}","{'Y': 4, 'A': 7, 'B': 1, 'D': 0, 'E': 0, 'G': 0, 'I': 0, 'K': 0, 'L': 0, 'N': 0, 'O': 0, 'U': 0, 'V': 0, 'W': 0, 'X': 0}",2023-12-09 14:23:00,2023-12-09 20:48:00,On Time
INV-SS1-5504437,SCH-ZZ-2592431,4429,Airbus A321-200,JAI,DEL,200,224,210,10,14,20,40,60,80,22,21,-1,1,"{'F': 1, 'P': 0}",44,41,-1,3,"{'C': 2, 'J': 1, 'Z': 0}",67,63,-3,4,89,83,-3,6,"{'Q': 4, 'R': 0, 'S': 0, 'T': 0, 'H': 0, 'M': 0}","{'Y': 4, 'A': 2, 'B': 0, 'D': 0, 'E': 0, 'G': 0, 'I': 0, 'K': 0, 'L': 0, 'N': 0, 'O': 0, 'U': 0, 'V': 0, 'W': 0, 'X': 0}",2023-12-09 16:53:00,2023-12-09 18:53:00,On Time
INV-SS2-5504437,SCH-ZZ-2592431,4429,Airbus A321-200,DEL,CJB,200,224,210,10,14,20,40,60,80,22,21,-1,1,"{'F': 1, 'P': 0}",44,41,-1,3,"{'C': 2, 'J': 1, 'Z': 0}",67,63,-3,4,89,83,-3,6,"{'Q': 4, 'R': 0, 'S': 0, 'T': 0, 'H': 0, 'M': 0}","{'Y': 4, 'A': 2, 'B': 0, 'D': 0, 'E': 0, 'G': 0, 'I': 0, 'K': 0, 'L': 0, 'N': 0, 'O': 0, 'U': 0, 'V': 0, 'W': 0, 'X': 0}",2023-12-09 19:55:00,2023-12-09 21:53:00,On Time
INV-RR-2405976,SCH-RR-1854929,3184,Boeing 717,CCU,DEL,100,118,108,8,10,10,20,30,40,12,11,-1,1,"{'F': 0, 'P': 1}",22,20,0,2,"{'C': 2, 'J': 0, 'Z': 0}",34,31,-1,3,44,40,0,4,"{'Q': 0, 'R': 1, 'S': 2, 'T': 0, 'H': 0, 'M': 0}","{'Y': 3, 'A': 1, 'B': 0, 'D': 0, 'E': 0, 'G': 0, 'I': 0, 'K': 0, 'L': 0, 'N': 0, 'O': 0, 'U': 0, 'V': 0, 'W': 0, 'X': 0}",2023-12-09 8:49:00,2023-12-15 14:30:00,On Time